-0.0
-0.0
-0.0
-0.0
-0.0
-0.0
-0.0
-0.0
-0.0
-0.0
-0.0
-0.0
-0.0
-0.0
-0.0
-0.0
-0.0
-0.0
-0.0
-0.0
-0.0
-0.0
-0.0
-0.0
-0.0
-0.0
-0.0
-0.0
-0.0
-0.0
-0.0
-0.0
-0.0
-0.0
-0.0
-1.59171263081e-06
-3.87360953347e-06
-3.73694665398e-06
-0.000110785400618
-0.000681269302987
3.42297070537e-06
4.60290769783e-07
-0.00074393810978
-0.00153005621941
0.0108396009522
0.00139546530366
-2.10709261844e-06
-3.23219015518e-08
-1.30828484417e-07
-7.26366111672e-06
-5.10723825478e-06
-0.0
-0.0
-0.0
-0.0
-0.0
-0.0
-0.0
-0.0
-0.0
5.76212228585e-07
-6.28793262746e-07
-3.19167928903e-06
-2.265615292e-06
-0.000133129225009
-0.00257311297775
-0.0018548100853
-0.00248900221587
0.00454856921719
-0.000353391113578
-0.000986660994443
-0.00759477303221
-0.00323284118175
0.0026869366326
-0.000812815384524
-0.000220681099657
-0.00310111876505
-0.00409405963165
-0.000344618936261
6.70555426561e-06
2.95463729327e-06
-0.0
-0.0
-0.0
-0.0
-0.0
-0.0
-0.0
5.96081616973e-08
-0.000509825490774
-0.00259668682543
-0.00139083583291
-0.00458761424241
0.00112233899659
0.00679112046267
0.0132783612004
-0.00874960800765
0.00118964591606
0.00716881376269
-0.0109404283354
0.00447178576063
-0.00667860531006
-0.00489288352727
-0.00521561491821
0.00275501170492
-0.00449471450273
0.00737222457988
0.000349606516181
5.47109454046e-06
-0.0
-0.0
-0.0
-0.0
-0.0
-0.0
-4.27388001495e-07
-6.07120440827e-05
0.00189505635253
-0.00234139696461
0.0064450404091
-0.00161132291731
0.00736025990271
0.00187023666832
-0.0047224268287
-0.00308720820445
0.000973971714267
-0.000964685410806
0.000362959543746
-0.00414162474105
0.00266815397466
-0.00396543515739
0.00109057998813
-0.00317438229943
0.00621141461135
-0.00653774593492
-0.00223027830945
-0.000128541097615
-0.0012526430304
-0.0
-0.0
-0.0
-0.0
-1.96698904134e-05
-0.000391314377525
-0.00150215946298
-0.00270840006006
0.00712774206124
0.00107849313136
0.00189387550386
-0.000273066492945
-0.00295064767275
0.00138548587164
0.00514553443904
0.00237817652096
0.00315869695093
-0.000818834169309
0.00562490908731
0.00108559069282
0.00599946040798
-0.0075479046536
0.0034640601854
-0.0102005398835
0.000502196868574
0.000245421286319
0.00683453856209
0.00633114175999
1.06872178499e-06
2.7135671985e-07
-0.0
-0.0
0.000155411157532
-0.0052132275883
-0.00699487967285
0.00867836723335
-0.0015875666805
5.90181071664e-05
-0.00736551090049
0.00301171207268
0.00157678752824
-0.00334553832639
-0.000857244345453
-0.0030724209729
-0.00270240146697
0.00386952533643
-0.00110937246572
0.00315924826517
-0.00730415430543
0.00291872448021
-0.000811608100797
0.00137687246511
-0.00607803735577
-0.00599256189367
-0.00252236902174
-0.000639121068742
-9.369302903e-06
-1.20347940312e-05
3.11318851298e-07
2.46254752319e-06
0.00311692031056
-0.00265478255411
-0.000483162884948
-0.013881669397
-0.00459212573282
0.00278524748276
0.0102892585981
-0.00840413704522
0.00190531087985
0.00123171098575
0.00437064212999
-0.000232890814433
0.000640620980327
-0.00295428163736
-0.00157045070725
-0.0096196573343
0.000617484827482
-0.00210225502377
-0.00128146800114
-0.00262521984952
0.00397290278894
-0.00622184665657
-0.00296295872792
-0.00194557673837
-3.72222397001e-05
-7.02525330929e-06
1.2651468224e-06
3.13519319529e-06
0.00171356221963
-0.00274090013833
-0.000780899011286
0.0121690687304
-0.00171137340457
-8.51301665862e-05
-0.00241712186795
-0.000492057257228
0.00262125797513
0.00156989398764
-0.00282389520856
-0.00577958091869
-0.000801156444906
0.00155639515967
0.0032636407145
0.00750628400392
0.00123622759428
0.00108722688937
0.00129331438007
0.00271847163566
0.00824651439202
-0.0093298746813
-0.0116363449076
-0.00382029498189
-0.00100596394748
3.87711702466e-06
2.05337969857e-07
7.360780751e-07
-1.19172460649e-05
0.00126876622739
-0.00416979339469
-0.00214769092766
0.00669960291251
-0.00041735662977
-0.000192022299684
0.00118924700108
0.00291257260308
-0.00223431929224
0.000828188501515
0.00726232455392
0.00261876905428
-0.00516221849566
-0.0035074276434
-0.00659832035801
0.00754093732359
-0.00170417124632
0.0050781647641
-0.00835510699827
0.00251007682781
0.00486883128201
-0.000686172792502
-0.0118167137015
-9.35535785504e-07
5.98064779202e-07
-0.0
-2.92664227212e-07
-8.33063351641e-05
-0.0036332197232
-0.00148989916451
0.00242906345911
-0.0107592027988
0.00156340074104
0.00257044598007
0.00808446431288
-0.00119643351527
-0.00346929956548
0.00391708847483
-0.00816028682782
-0.000554662571194
0.00340838534719
-0.00157887046547
0.00514070476399
-0.00226506387778
0.00574223550164
-0.00274001393295
0.00723614879502
-0.00471360671479
-0.00274267738477
0.0114723363669
-0.00651582773395
-7.60529703925e-06
-0.0
-0.0
-6.30829412306e-05
-0.000972185323814
-0.00866571319726
0.00129563841783
0.00652112040121
-0.00355703885833
0.000372002399638
-0.0068514976314
-0.0114645976779
-0.00196337444604
-0.00236379311501
-0.00210645496325
-0.00336354150617
-0.0102915718416
0.00164087079118
0.00191585607232
0.00056436678722
-0.0120784310137
0.00252486474429
0.00262176972445
-0.00235662379416
-0.00215758963998
-0.00141158917703
0.00872898669316
0.0114791422996
-6.0300142551e-05
-6.44668420421e-06
-0.0
-0.000666416041455
-0.0012980119542
-0.00749044997525
-0.00302725419484
-0.00623817201466
-0.0128422635003
-0.00603671213268
-0.0103951750108
0.00149590645465
-0.00580605357656
-0.00321891375327
0.000746582490854
-0.00115642092993
0.00593458297763
-0.00486348554696
-0.00683042238877
-0.000494157018202
0.0012955548554
-0.00895982386624
-0.000283728355236
0.00765093043299
-0.00716649815231
-0.00651407526093
-0.00251931048099
0.0123036519762
0.0117708801154
-2.21029172672e-05
-0.0
-0.0013219526713
-0.00131864277986
0.00873637687148
-0.00699681608559
-0.0073503951257
0.00153574751065
-0.00251128114835
-0.00328400204724
-0.0104017934671
0.00610119285241
0.000338841755603
-0.00548345570488
-0.000653639784727
-0.00838835088369
0.00132146910818
0.00201888797933
-0.000187691460697
0.00290513444608
-0.000599487663602
0.00725712270654
-0.0126524616676
0.00239250836993
0.00701614448486
0.00646087069001
0.00119182748267
0.00656703499072
-0.0
-0.0
-0.000632413987849
-0.00132166717195
0.0101185622164
-0.000571560455056
-0.00060938964041
-0.00275729544511
0.00353139522647
0.000726677038407
-0.00267670744006
-0.00930618288498
-0.00100388202029
0.00691967675655
-0.00595365644612
-0.000251374528155
0.00505683465346
-0.00888400162328
0.00173056766744
-0.00232060453705
-0.00256667573017
-0.0103201570218
-0.00230808737819
-0.00403260659867
-0.00456158984826
0.00241095245422
-0.0101356522394
0.000396667953196
-0.0
-0.0
-3.13593712981e-05
-0.000961687386476
0.0076752875103
0.00508842971552
-0.00376026851514
0.00364153256148
0.00253363811149
0.00466257967732
0.00943435480081
-0.00138734834044
0.0054772983931
-0.00246386352483
0.000383720792979
0.000996708813282
0.00126550767262
7.68485594294e-05
-0.00162275849839
-0.00146033350215
0.00523982106736
0.0078243857357
-0.00321056113335
-0.000687744648478
-0.00942219962021
-0.00728695702754
-0.000615361756704
0.00508170564063
3.43267736433e-08
-0.0
-0.0
-9.0655852797e-05
0.0140035826543
0.00229710525803
0.00472556527208
0.00351904703746
-0.0056123954898
0.00360141910117
-0.000368287096272
0.00382422474462
-0.00276477924567
0.00718218280036
-0.000710926908532
-0.00438086446719
0.00446829101852
-0.00525724553815
0.00463072344726
-0.00709567822782
0.00541029790885
-0.00541817835032
0.00405228616628
0.000525279996158
-0.00242364674545
0.0119533436865
0.008824528638
0.00300017929238
6.29324186766e-08
-0.0
-0.0
-3.14507667406e-05
0.00155128557299
-0.00143273981128
-5.37495645003e-05
0.00794702184387
0.00235779925017
-0.00607387339251
0.00425320014244
-0.00304424687468
0.00408524071618
-0.00112389080363
0.00111414280911
0.00180846646497
0.00298134213629
-0.000898572808617
0.00416554308923
0.00179736549526
-0.0079930888857
0.00264074304712
-0.000884065045286
0.0063074346374
0.00324937652911
-0.000714169283737
0.00161095563095
0.000570848301185
-1.0171076512e-06
-0.0
-0.0
6.39960253158e-06
-0.0129970263211
0.00241318601724
-0.00385969512236
-0.00458850793974
0.00660453445858
-0.0062706485185
0.00037308375318
0.00468806330996
-0.0021785251093
0.0044369191838
0.00450038897102
6.78533361835e-05
0.00248421692024
0.00142150885379
-0.000827916679379
-0.000899630668193
0.00391643095436
0.00411453132584
-0.00863510739678
0.00826162176551
-0.00257845220345
0.00496773549657
0.0036530110273
8.46380612196e-05
-1.67118914693e-06
-0.0
-0.0
0.00124284648302
-0.00230796880513
0.0084035587956
0.00548230546765
-0.000605437504856
0.00745846875848
0.00552629307471
-0.00674504328303
-0.000818582232211
0.00400278657814
-0.000293695169737
-0.00206793849661
0.000348208998178
-0.00178083448884
-0.000496876149244
0.00271799407161
-0.003242582955
-0.00259756353706
-2.4089876924e-05
0.00143804956406
0.00773011989696
-0.00723466901519
-0.00285138362953
0.0024250151219
0.00082037875954
-5.08206820846e-07
-0.0
-0.0
0.00374963816756
-0.00224074121923
-0.000225418131226
-0.00832744181293
-0.000610273314473
-0.00370756551305
0.00452749246394
0.00674332161289
-0.00214130262252
0.0124357157686
-0.00827404308724
0.0104828474699
0.000176578643837
-0.000540876015659
0.0032743295421
-0.00257491314241
0.00260127543153
-0.000114389892199
0.0028434209799
0.00169976756243
-0.00278891106306
0.0098038854171
-0.00566822538696
0.00217067656543
0.00670292937406
-0.0
-0.0
-0.0
0.00265728545269
-0.0024175066415
0.0044599434495
-1.9650777352e-05
0.00964155114225
-0.0065996718985
-0.00492376855682
0.00114822425704
-0.00299268336803
0.00134545531053
0.00338900378309
-0.00627810220233
0.00512442635831
-0.00545367467733
-0.0023247444532
0.00338647344887
-0.0034923466463
0.00731482932009
-0.00179643567748
0.00283552090212
0.00269230418791
0.00293925288274
-0.00693402221679
0.00235994511736
0.000466735169684
-0.0
-0.0
-0.0
-2.16225723229e-05
-0.00713463689908
0.00544708356103
-0.00776983935069
-0.000738627298122
0.0112464268286
-0.00256246302022
0.00455598422103
0.00320768199767
0.000481274947662
-0.00283885246788
0.00377098966798
0.000104122993974
-0.0033932929862
0.00432696018536
-0.00421591940357
0.00846393632374
-0.0101413217348
-1.24411790889e-05
0.00356154299457
-0.000560273622305
0.00244705604158
-0.00146851742873
0.0014582783005
-2.4710161328e-05
-0.0
-0.0
-0.0
-1.17091216697e-06
-0.00453181814974
0.00319701079999
0.000314410215089
0.000376683492094
0.00321847801619
-0.00266437029594
-0.0064398279375
0.00131842204492
-0.0078829959951
0.00616862284562
-0.00719587865143
0.00388873161192
0.000863957900601
-0.00181794713467
0.000528480391618
-0.000198595413158
-0.00347555737574
0.00869495152223
-0.00450723120938
-0.00219399329345
-0.000627214917164
-0.000338219712385
1.25806096579e-07
1.56572453688e-06
-0.0
-0.0
-0.0
-0.0
-0.0012865398884
-0.00253662389757
-0.00162927372841
0.00180183926381
-0.00333791602556
0.00716011648909
-0.00226362887275
-0.000596101224229
0.00159980200224
-0.00608441898347
0.000171700642587
-0.000557071130177
0.00425776062945
-0.00470665854648
0.00333261259609
-0.00336041836046
0.0103166627017
0.000760146472996
0.00587103460251
0.00232361859596
-0.000558594910405
-0.000336168546358
-0.0
-0.0
-0.0
-0.0
-0.0
-0.0
6.17228873102e-07
-0.000341910964828
-0.00831440798576
-0.00931041375552
-0.00871367795118
-0.00758295809314
-0.00610692226979
-0.00383770699609
-0.00271051441282
-0.00247661908997
-0.00242266636716
-0.00924893560887
-0.0105096364583
-0.00995505243453
-0.00558039201244
0.00929904917561
0.00533882851642
-0.00541626675306
-0.00650862564094
-0.00146338321851
-0.000696689233975
-0.000152971148056
-0.0
-0.0
-0.0
-0.0
-0.0
-0.0
2.1621269876e-07
-3.02810906134e-06
-3.07312050169e-06
1.2595406979e-05
6.23347887334e-05
-0.00104574946677
-0.00368745897997
-0.00387838845645
-0.00273897167315
-0.00244479320964
-0.000973276975228
-0.00035245667333
0.000181976891438
0.000218167732527
-0.000143537516144
-0.00419671311761
-0.00273939949138
8.97548893349e-06
1.51860333476e-05
1.81144763961e-06
3.77795640239e-06
-0.0
-0.0
-0.0
-0.0
-0.0
-0.0
-0.0
-0.0
-0.0
3.19040213047e-06
6.73079974946e-06
1.33943562206e-05
-0.00065708630223
-0.00266225958042
-0.00244945948735
-0.000289581256656
-0.000533913602199
-0.00120919577415
-0.000559635025133
1.97467852703e-05
2.43552803432e-05
1.83390193273e-05
1.5380349526e-05
8.70327999322e-06
3.68531257755e-06
4.19264513934e-06
2.88472255997e-06
-0.0
-0.0
-0.0
-0.0
-0.0
-3.52071561375
