-0.0
-0.0
-0.0
-0.0
-0.0
-0.0
-0.0
-0.0
-0.0
-0.0
-0.0
-0.0
-0.0
-0.0
-0.0
-0.0
-0.0
-0.0
-0.0
-0.0
-0.0
-0.0
-0.0
-0.0
-0.0
-0.0
-0.0
-0.0
-0.0
-0.0
-0.0
-0.0
-0.0
-0.0
-0.0
1.96401264184e-06
6.77120903258e-06
9.27936151902e-06
7.48628150047e-06
1.23468926385e-05
9.30007606487e-06
1.28985195033e-05
1.1856989458e-05
1.9079747227e-05
2.07709025581e-05
1.20354426917e-05
7.27417472314e-06
4.97686143716e-06
5.47602324313e-06
4.20318847131e-06
2.57177395992e-06
-0.0
-0.0
-0.0
-0.0
-0.0
-0.0
-0.0
-0.0
-0.0
1.34723161825e-06
3.82086192465e-07
1.12532540321e-06
3.75352586132e-06
1.79081988359e-05
3.44267070717e-05
-0.00710192410833
-0.00440763914003
0.00010114779873
-0.0109084703265
-0.0135380368867
-0.0009770670999
-0.00510699453524
-0.0046558496122
-0.000166145472684
-0.00138520679143
0.000106195185335
5.55646254272e-05
1.79156894675e-05
-0.00325231730984
-0.00146845127013
-0.0
-0.0
-0.0
-0.0
-0.0
-0.0
-0.0
1.39357600843e-07
6.04507776528e-06
2.40314598468e-05
3.72093988809e-05
8.45084003849e-05
-0.00675067455518
-0.0178149566501
0.00955884271161
-0.0206255955248
0.0162799226871
-0.0161667990744
0.00767398165649
-0.00922342009813
0.00742870149699
-0.00347787994079
0.00147333542028
-0.0153098973593
-0.00381882774038
7.56573541336e-05
-0.00362730026786
-0.000527453533506
-0.0
-0.0
-0.0
-0.0
-0.0
-0.0
1.41689884265e-06
1.04176071976e-05
-0.0112263792906
-0.0114528588557
-0.0158842512861
0.0126418095898
0.0116301849383
-0.0151715694544
0.0342885862021
-0.0364532342532
0.0203083793568
-0.0119126976262
-0.00881381190419
0.0102911319428
-0.00585451067849
-4.90699506149e-05
-0.00586312687946
0.00282513268508
-0.0171180506226
-0.00509050220072
0.0108440895423
0.0312940894279
-2.46200932371e-05
-0.0
-0.0
-0.0
-0.0
-3.18009729465e-06
9.65992893347e-06
4.86341936165e-05
-0.0177386159622
-0.00866933347535
-0.000940177644983
0.0149128094264
-0.0301951119326
-0.0134178860363
0.0213585450272
0.00226427700964
-0.010588943006
0.0148955679191
-0.0148191668634
0.00425409730885
0.000859529570138
-0.00481462184804
0.00795661655139
-0.0108802500468
0.0118753526105
-0.000914002123939
0.00253582007838
-0.0546420639851
0.0300267995129
0.0310645193013
6.20039460098e-08
-0.0
-0.0
-8.94654504322e-08
3.11252680318e-05
-0.00797484877353
-0.029206740009
0.0141907649596
-0.0173509792919
-0.0179005469495
0.0168517182269
-0.0158693502208
0.00131677271681
-0.00836351961325
0.0245175786218
-0.00627508767024
0.0159448788211
-0.0230718823726
0.0264028554332
0.00308115520382
-0.0111802684738
0.00476708139586
0.011285465096
0.000354074637892
0.00549578588868
0.0154232885697
-0.0225460614213
-0.0218864971861
-0.00810675347885
1.03086364332e-06
6.68853809542e-06
9.16366468312e-06
8.75295096584e-06
-0.0136488738601
-0.00456389887329
0.0180314695494
-0.0310326595306
0.0170382866613
-0.013217493769
-0.00215813803859
-0.00377502721501
0.00650020665245
-0.00728392565247
-0.0111691780757
0.00523751732118
0.0144331739573
-0.0176631692051
-0.0185075734836
0.00496642626295
-0.010391619675
0.00262359296146
-0.00197100536407
0.0237994847818
-0.0258370878449
-0.00588480744074
-0.000194636686152
-0.0179703651716
4.18922794906e-06
9.66281692434e-06
2.48416449754e-05
-6.43437526335e-05
-0.0105868228595
-0.029656223618
0.000146046072958
0.0206864611573
0.0162079182156
-0.000512419248802
0.0105222062382
-0.00207126554553
-0.0109920965191
0.00406162242879
0.000610538030591
-0.022584014151
0.0043028334284
-0.00300919343691
0.0148277924952
0.000120830515556
0.00410477036001
-0.0247823477754
0.0107966343082
-0.0228229925577
0.0339619507795
-0.0408876925964
-0.00343264002302
1.2449060291e-07
6.79926746623e-07
-0.00768819432071
4.26812589915e-05
0.000153374735321
0.00352005148194
0.00925049458303
-0.000513606174846
-0.0321803780447
0.00686267889048
0.00971403891743
-0.0209603193206
0.0231250477737
0.00461139812149
0.00881128488454
0.0150241236627
-0.0124815013817
0.00420989362563
-0.005740788095
-0.0184408997262
0.0216874699084
-0.0135388444027
0.0149451904146
-0.00788490802926
0.0140125291955
0.0221288524596
-0.00846933452218
-0.029363933389
1.06890139894e-06
-0.0
-0.000877172469857
3.96805622875e-05
2.3211310266e-06
-0.013889962979
-0.0365227673218
0.0250269626622
0.0136445435593
-0.0173168911918
0.0149394145484
0.0162383880021
-0.00580817967511
-0.00623630059961
-0.0134397711805
-0.00484928064333
-0.00928740097575
0.0136507382422
0.00859678578579
-0.0110381124718
0.0085103593781
0.00498854036106
0.00899893621328
0.0330029402242
0.00825479147044
-0.019355149718
-0.0125896841696
7.32430631857e-07
-0.0
-0.0
6.2067459238e-06
4.28549887469e-05
-0.0173714226067
4.03410407211e-05
0.0254939196763
0.00401734561963
0.0316759130758
0.000342655541483
-0.00832019922108
-0.00108693457349
5.7154809588e-05
0.0126041075119
0.0166882092283
-0.00522206530389
0.00293533269483
-0.0146594360311
0.0023172598282
0.00819196241743
-0.0216289916872
0.0160976994481
-0.0439389349649
0.0130645606266
-0.0310653334446
0.0275349335841
-0.034017343922
0.00459907143712
0.00158771759018
-0.0
6.13649826086e-06
2.97846897476e-05
-0.0280250942524
0.0526509450511
-0.0123491694558
-0.0152414515153
-0.0106574354707
-0.0275589010922
0.0260475722119
-0.0103238627426
0.0134441472576
-0.00646456475566
0.00735734761637
0.00445005888843
-0.00158930678087
0.00287608512261
-0.00353087514848
0.00135549396777
0.0347448965238
0.0274907702925
0.00844441046812
-0.000225030581192
0.0350771587252
0.0190457307433
-0.0602240342553
0.010894087294
0.00544360318584
-0.0
6.77684173873e-06
1.43903941442e-05
-0.00956431840481
0.000700314473271
-0.0124365585875
0.0293472143249
0.013496700416
0.00639909867952
-0.0053678435166
-0.00281529909393
0.000231638474943
0.000507190968188
-0.00619200807165
0.015224541586
0.014205694918
0.000129613294921
-0.0125347988233
-0.00959813980148
-0.0264561640421
-0.00777592413877
-0.0165119044578
0.0480191832209
-0.0360088345373
-0.0153352005501
0.0160879704597
0.000399073582424
-0.0
-0.0
3.04266210407e-06
7.16754768397e-06
6.31991517121e-05
-0.0565458804789
-0.0146766560245
-0.0341396413897
-0.000767807854917
-0.00975793356807
-3.36524296582e-05
-0.00636974312717
0.0212518924561
0.00155639393373
0.00404939188977
-0.00476560294451
0.0025386638433
-9.03754717967e-05
0.0230819880714
-0.00571096473276
-0.00430921157254
-0.00550374139059
-0.00264058492427
-0.013397620604
-0.0177523713502
-0.00407579213965
-0.00151421002091
-1.34878187204e-06
-0.0
-0.0
1.5087350243e-07
4.62684226667e-06
6.05415842373e-05
-0.00205950979281
-0.0211771572649
0.021379170035
-0.0190866003992
-0.0146359416625
0.00100990707985
0.00666058850872
-0.0112825285326
0.00259357293825
0.00527538900308
0.00234547346121
-0.00156670290659
-0.00937069001696
-0.0128641825842
0.00664088039036
0.0058457017154
-0.00670662563024
-0.00444662937231
-0.013108557201
-0.00578818812274
0.0234399419546
-0.00407140956028
-0.0114672586412
-0.000249325462218
-0.0
-0.0
6.19708395233e-06
4.45618069756e-05
-0.00731340482963
0.00380675178907
0.00829706313862
0.00574357905292
0.000557079948525
-0.00502044179007
-0.00922280720002
0.0134301056988
-0.0078622167146
0.0197417378764
-0.00217087862906
-0.00396429203493
0.0257805931019
-0.00743223416427
-0.00888893721602
-0.00429988264078
0.00541267266495
0.0319279452813
-0.0377597141138
0.0352985041678
-0.051074073094
-0.0152188301452
-0.00950598677248
-0.000457096734263
-0.0
-0.0
1.16953132493e-05
-0.00108448759717
0.00248727452132
-0.00800931552657
0.0111209421355
-0.00639478109681
0.0128117566456
0.000431703543042
0.0132624726604
-0.00128906180214
0.00743609023938
-0.0113937120977
0.00484372531805
-0.00451186650283
-0.0149308033082
-0.00289378832509
0.00869317335995
-0.0185760535042
-0.0113275182382
-0.0444846115135
0.0317990192449
-0.0292534287106
0.0403292895365
-0.00904481787124
-0.00949511023935
-0.000455520680609
-0.0
-0.0
-7.97975623064e-05
-0.00356873555736
0.0061263856613
0.0140232627424
-0.0218666460383
-0.00657022625213
-0.00979974183705
0.0117427771816
0.0206200205663
-0.00457869129878
0.00367201562483
0.0186204993524
-0.00370925293215
0.012562977324
0.00770911864538
0.0132219508941
-0.0122323176614
0.00909411839456
0.0275465643058
-0.00250701725148
0.00294445903367
-0.0186679474051
-0.00138026060855
-0.0198216333384
-0.00314820297297
-0.000217340708261
-0.0
-0.0
2.53943183478e-05
-0.00239056618934
0.00698496400371
-0.0337092291827
0.0132996816913
-0.0091482838108
0.0173498419152
-0.00502742420403
-0.0132116153137
0.0118161582009
0.00785876581671
-0.0121820789024
-0.00151338541252
-0.0109277239641
0.0122621256075
-0.0169212004877
0.00129246876493
5.14673337548e-05
-0.0451307070039
0.0404125954937
-0.0114598402728
0.0296703581417
-0.0139338411413
-0.0261284822698
-2.70696114809e-06
-2.14726707186e-05
-0.0
-0.0
3.42765376824e-05
-0.00290475423842
-0.0089640049226
0.0414655218492
-0.0030301137953
-0.00251494144618
-0.00204414943436
0.00444710093557
0.0108362555934
0.00348233307818
-0.00360461692469
-0.01526400276
0.00228793789674
-0.0161648950181
-0.0124032367706
-0.00209766121509
-0.0145978490429
0.00476801799026
0.0252260064688
-0.00940204132077
-0.00127180290301
-0.00565625282748
-0.00255732584465
-0.0023353001493
-8.0341347055e-06
-0.0
-0.0
-0.0
2.7263927459e-05
-0.000237361874596
0.0148008746791
-0.0182025872671
-0.0149470351601
-0.00243219551274
0.0151325843149
-0.0145151374815
0.00599985181368
-0.0265263822572
0.011775438124
0.00229336135108
0.0027896448558
0.0236985744618
-0.00838651214276
0.0328006347739
0.0137924377454
-0.00673910041836
-0.0483276776049
0.0408650623588
0.00128198053936
0.0219786974416
0.0033769842702
-0.000596676619572
4.21646852918e-06
-0.0
-0.0
-0.0
1.32453301103e-05
1.6174228059e-05
-0.0458021006122
-0.0158543589565
0.0374299847253
-0.00284203220693
-0.00751967227278
-0.0024357288993
-0.00454544663727
0.00145965761235
0.00992425554481
-0.00044404737912
-0.00114297708694
-0.0135900905393
-0.00221999209266
-0.0161096992615
-0.0110812362529
0.0218218841928
0.02307513104
-0.0328056518876
-0.000435256668893
0.00290625041673
-0.00257786949585
-0.000402453958455
-5.61761347874e-05
-0.0
-0.0
-0.0
3.53806609812e-06
-6.36843728512e-10
-0.00855507891082
0.0374811241164
-0.0345323459799
-0.0189137416279
0.0150451984066
-0.00465748742831
0.0101979659193
0.0156781814917
-0.00184372251485
0.0128720691711
-0.00687092782726
0.0200491536288
-3.57593862802e-05
0.0130305428411
-0.0049694629386
0.00951116119497
-0.0459299054199
0.0271750727909
0.026726187828
-0.0136333377571
-0.00263697162828
-5.74444096211e-05
-0.000231888620252
-0.0
-0.0
-0.0
-0.0
-0.000946170974241
-0.00918587490509
-0.0450157138833
0.0199974619414
0.0104733323185
-0.0204272187533
0.00808017617294
-0.00367529739616
-0.000379252172213
-0.00641809927803
0.00449092301322
0.00897824103333
-0.0151176587197
0.0316065637089
-0.00916758270784
0.0066361890422
0.00544927959729
0.000895883297222
0.0299268281836
-0.0206114616403
-0.00890595455719
-1.40071393333e-07
-0.0
-0.0
-0.0
-0.0
-0.0
-0.0
8.37602043732e-07
1.18388807939e-05
-0.00296920509668
-0.0413929294961
0.000858484492103
0.00969397543008
-0.00615824675579
-0.00623485392097
-0.0294313804419
0.0237714453568
-0.0427828527993
0.0251807153437
-0.0145648441074
-0.0172698075184
0.000119200535157
-0.0251718209876
0.0103712507716
-0.0189350309301
-0.00940371618146
-0.00498083569942
-2.90752884912e-05
-6.97440529856e-06
-0.0
-0.0
-0.0
-0.0
-0.0
-0.0
5.75587615112e-07
5.93186626297e-06
2.42321086003e-05
1.91950967326e-05
2.07760560902e-05
0.000116929911804
0.000109169091316
-0.000503541296032
-0.00112646056342
-0.00926877454876
-0.009326195966
-0.00728773305077
-0.000928284787702
0.000257726572639
0.000209339315421
0.000168849814029
-0.000427544728256
-0.00197206838376
-0.00200534508048
-0.00180324550589
-1.73883974604e-05
-0.0
-0.0
-0.0
-0.0
-0.0
-0.0
-0.0
-0.0
-0.0
2.11828917048e-06
4.81174660382e-06
1.12486161777e-05
-2.15645060446e-05
-8.45817793522e-05
-8.03376471509e-05
-1.15328300295e-05
-0.00810544680951
-0.00603048872632
4.92304267072e-05
1.55154519817e-05
-3.28087204936e-06
1.75787830684e-05
2.2838659475e-05
1.39277010761e-05
5.74986869784e-06
-6.6654421064e-07
-2.97154503886e-07
-0.0
-0.0
-0.0
-0.0
-0.0
-22.5531339891
