-0.0
-0.0
-0.0
-0.0
-0.0
-0.0
-0.0
-0.0
-0.0
-0.0
-0.0
-0.0
-0.0
-0.0
-0.0
-0.0
-0.0
-0.0
-0.0
-0.0
-0.0
-0.0
-0.0
-0.0
-0.0
-0.0
-0.0
-0.0
-0.0
-0.0
-0.0
-0.0
-0.0
-0.0
-0.0
2.20511815806e-05
4.74673659609e-05
3.72388070221e-05
-1.71755831221e-05
4.20420659253e-06
5.35169343094e-05
0.000103061994507
-3.02081560813e-06
-0.000295890107698
-0.00113204256296
9.51798888111e-05
6.45823877145e-05
4.03119801203e-05
1.12831699896e-05
3.15128467049e-05
2.70443789548e-05
-0.0
-0.0
-0.0
-0.0
-0.0
-0.0
-0.0
-0.0
-0.0
1.40678099573e-05
-3.47188450083e-06
-2.28350039344e-05
9.96996799412e-06
9.07904195239e-05
-0.000114881131194
6.71162052522e-05
0.000427649156183
-0.000386946321528
-0.000373454548182
-0.000303182812525
-0.000764388389488
-0.000887878583647
-0.00121181299467
-0.000927571709279
-0.00035043106882
-0.000391093203807
-0.000487002182913
2.37160174316e-05
4.36814151435e-05
1.87299887703e-05
-0.0
-0.0
-0.0
-0.0
-0.0
-0.0
-0.0
1.4526361489e-06
-5.9439654577e-05
-0.000168078442366
6.5616689791e-05
6.38326729474e-05
-0.000348441322444
-0.000879655940225
-0.00243906162935
-0.00239900198114
-0.00216417582064
0.00114684849585
-0.000643870711738
-0.00172405611772
0.000970442135857
-0.00164913165991
-0.00022855337002
-0.00017569212313
-0.000353096961369
-0.000916132451456
-0.00016261205853
7.39604554736e-06
-0.0
-0.0
-0.0
-0.0
-0.0
-0.0
-6.94483772617e-07
-7.86708902347e-05
2.35414116366e-05
0.000280305585327
-0.000112790613222
0.000449151509083
-0.000180758242859
-0.000888325008748
0.00192849663644
0.000950465454427
0.00295786881564
-0.00173936851259
0.000378656031864
-0.000629794230533
0.00115758974837
0.00052990772251
-0.000631341088313
0.000710453584652
-0.000370489701944
-0.00160713033282
0.000455475782092
0.00125647464127
-0.00032769127107
-0.0
-0.0
-0.0
-0.0
9.83508493311e-06
6.92300224919e-05
0.000174533619795
-0.00023933654812
-0.000113519028469
-7.65084040998e-05
0.000140653895511
-0.0011987248214
-0.00152228927193
-0.00159433340699
-0.00200338757415
-0.000393459696556
0.00102182260933
0.000276745544121
0.00122819688406
-0.000716971395269
-0.000503169728594
3.81501101783e-05
0.000266916859217
0.000381238559949
-0.000733091356226
0.000761266430854
-0.00010713691316
-0.000725582902943
5.85987486916e-05
5.79427175422e-06
-0.0
-0.0
6.60419938275e-06
6.55233582195e-05
5.52553582285e-06
-0.000400993442886
-0.000403496663362
6.17667532691e-05
-0.000644640676971
-0.000239125843344
0.00121817765797
0.000212087165758
0.00145134073009
-0.000307875996375
0.000184929575072
-0.00127739351047
0.000582544201717
-0.000184842115558
-0.00165735546369
0.00198300688617
-0.000720533380871
0.00147045425239
-6.31266576035e-05
-0.000804083129791
-0.00167268882385
-0.00118980847026
3.43991166532e-05
3.85028321238e-05
9.68399105078e-06
5.29073052859e-05
-0.000189283008217
5.7717413541e-05
3.164663362e-06
-0.00020146694905
0.000198718876851
0.000733464433666
-0.000383459371901
0.000781527127542
0.000453889151714
-0.000240236387888
-0.000840792563031
0.00102879951989
-0.000271176500205
0.00202208449048
-0.000794937585037
0.00207685031505
-7.12532041056e-05
0.000481177893985
0.000899995704251
-0.000851822077236
-0.000273361661506
-0.000507835345122
-0.000892890197777
-0.000826542151179
0.000136098253912
4.95014315278e-05
3.93509696472e-05
7.11238134468e-05
2.16437495304e-05
0.00027358115585
-0.000300431270679
-0.000247414349597
0.000610069996244
-0.000691956445136
-0.000725742266022
-0.00178521400649
0.000696011564868
0.000573705482676
-0.000436310624355
-0.000370385997172
0.000861822922754
-0.000732531227035
0.000660379359559
-0.00109684179252
0.00261084861087
-0.000892062807518
-0.000151040873769
6.18370870919e-05
-0.000241027837745
0.000559770651741
-0.000829234646915
-0.00152657010203
6.46085802264e-05
4.03048788249e-06
6.38713740718e-06
7.99889820649e-05
0.000149763248954
-1.45659929562e-05
-0.000592086175008
-0.000198782276121
-0.000218146662307
-2.94332565964e-05
-0.000139096579428
-0.000384502190022
-0.000269647677217
-0.000380579798374
-0.000240514247012
0.000456122623401
0.00148467292143
-0.000463740004228
0.000907357937413
-0.00132795009912
0.00109459502351
0.0004975992885
-0.00141493602594
0.000577761779745
0.000408934448367
-0.000943604351268
0.000722993561749
-0.000727837623438
2.42150646498e-06
-2.7301666855e-05
-0.0
8.46808965493e-05
0.000110003529889
5.63906832747e-05
-0.0011607753944
0.000600495336476
-2.79536118682e-05
-0.000209043346166
4.55714524889e-06
0.000262482526456
-0.000362696931269
-9.59961010941e-05
-0.000641727747433
-0.00108297926591
0.000597202935833
2.03547914498e-05
-0.000552336086134
0.00154581350801
-1.4103978791e-05
-1.41393504232e-05
-0.000680960109414
0.000873986933031
0.000300151054527
0.000372120028836
0.000494895227277
-0.00044680769056
-7.86529057294e-06
-0.0
-0.0
2.44916503983e-05
0.000119722248752
0.000154495135181
-0.000469651940364
-0.00067037387946
0.000536441009353
3.20340472949e-07
0.000159877936576
-0.000357062214434
0.00160437671427
0.00148332068859
-3.12780650283e-05
-9.04175037135e-05
0.000431894370913
-0.000236679594866
-0.000608328889589
-0.000150723699661
0.00154740884042
0.000980692901156
0.00173698687873
0.000981627829711
0.000742356444567
0.00102363147404
2.77177325965e-05
1.91169370464e-05
-2.55508531514e-05
-3.82803415467e-07
-0.0
1.95274622817e-05
6.14499197866e-05
2.46137133488e-05
-0.00117079773789
-3.51959430097e-05
0.000913437781563
0.000396412073887
-2.53935517951e-05
0.000157687193858
-0.000576422792995
-0.000811797875301
-0.000475173301468
-0.00135627361118
-0.000772880053168
-0.000662385253815
-0.000388497902386
-0.00141582151942
0.000215168404589
-0.00136911092062
-0.000140578133542
-0.000314257434486
7.60626137728e-05
-0.000287593423942
0.00085569720345
0.000253745481448
1.80584044859e-05
-1.30522283129e-06
-0.0
1.14613758975e-05
3.87030104853e-05
2.09981105254e-05
-0.00155473451141
0.000914691067029
0.000783658596145
7.18344532358e-05
0.000345254405599
-0.000437219300935
5.98614011502e-05
4.81185636884e-05
-0.000125195861439
-0.00118268209634
-0.00128043727028
0.000946322752328
-0.00225125352712
0.00152080169964
-0.00127067459846
0.000256926234801
-0.000469015784806
-0.00056353840609
3.6167198684e-05
-0.000213385379127
0.000362313713462
-0.000871240418031
1.10544159938e-05
-0.0
-0.0
4.47476343978e-06
1.2293034364e-05
3.73203100264e-05
-0.00202910523931
0.00228336415438
0.000749332087216
0.000839463623013
-0.0001857276483
-0.000765969472999
0.00255796185901
0.000222327095655
-0.000692180503105
0.000261449840815
-0.00422957726434
-0.000465761803672
-0.00165859486474
0.00113758707422
-0.000423661789023
0.000808935563249
-0.000532067364226
0.000264147238867
0.00139129466547
-0.000158232977691
-0.000569001350561
0.00047050747682
-2.66901649015e-05
-0.0
-0.0
2.21840292322e-07
6.80524608391e-06
3.12150957998e-05
0.000395725984497
0.000584471951877
-0.000804743617381
0.000979727560829
0.00063823439478
0.000684611708768
0.00137258014452
-0.00133552496421
0.0031010493563
0.000892536269081
-0.00394306413636
0.00141945120647
-0.0014408031911
-0.00147563146607
-0.000410870551307
-0.00142831797871
0.00117355119603
-0.000784016336809
0.000817428282311
0.00087940242028
0.000654388813011
0.000204562070667
-0.000348007572726
1.52780886237e-06
-0.0
-0.0
3.27209113187e-05
-0.000129965646959
-0.000185238757447
-0.000245288420606
-0.000216121716558
0.0022522952027
0.00099645841275
7.04376355481e-05
-0.000267993060662
-0.000420035730491
0.000329766271101
-0.00473707248942
-0.00347023262872
0.00168547504689
-0.00020400910006
-0.000312741226702
-0.000413985378213
0.000757506305507
0.000402520752727
-0.000808687951521
-0.00133164896866
0.00142581464396
0.00112420978848
0.000126400544851
-0.000130803715378
2.80385068346e-06
-0.0
-0.0
-9.32046966461e-05
-0.000348172720538
-0.000168296144758
0.00115879908976
0.000226222118412
-0.000296919996204
-0.000799682118404
0.000508062992147
0.000947289552412
0.00162773345724
-0.00017054285366
-0.00207085763817
0.000548882431687
-0.0014342924036
-0.00135900188879
0.00119684163827
6.16520269215e-06
-0.00046829512924
-0.00140084839965
0.000249468818911
0.00152205652757
-0.000544033576663
-0.000810195945024
-0.000351278052451
0.000125537510162
1.31222446829e-05
-0.0
-0.0
-0.000304385900785
-0.000440575198849
-0.00132816383716
-0.000345851650466
0.000985526703054
0.00113964578621
0.0013599996566
-0.000160569994441
0.00071020125304
0.000771080565937
0.00041818805547
-0.002541613635
0.000343405798889
-0.000322706208835
-0.000558689246673
0.000203334556525
-0.000361137892531
-0.000169941479158
-6.19983579759e-05
0.0015474314401
-0.00098533747735
-0.00219607765318
0.000493300046829
1.70141564224e-05
3.85082672803e-05
3.97728979371e-05
-0.0
-0.0
1.81963202455e-05
-0.00082797073337
-0.000290759971321
-0.000291563390409
0.00140280593079
-0.000842110189668
0.00147748097952
-0.000669049073482
-0.000233928747616
0.000334609313594
0.00109383707623
-0.00286281995288
-0.000121701720878
-0.000967790779461
0.00113822461508
-0.000686404084455
-0.000543982121128
0.000661274591508
0.000439358726967
-0.00031475885194
-0.00061186769251
-0.000766180694022
-0.000489539326998
0.000168818986121
5.47582299751e-07
1.80906531878e-05
-0.0
-0.0
7.97764992218e-05
-0.000829007905774
-3.8185715022e-05
-0.00119059157201
-0.000118395892073
-0.000899352471367
-0.000732437064823
0.000449659616539
0.00209063614117
5.1885571863e-05
0.00116409651788
0.00105258030254
-0.000919225776596
-0.0003011530984
-0.00254273637348
-0.00017856282275
0.000805912883248
-0.00106245378366
-0.0010167198486
0.000134123845722
-0.000637526868371
5.83694212148e-05
-0.000787595108521
9.33469921373e-05
2.52655240389e-05
-0.0
-0.0
-0.0
7.43141012471e-05
0.00035386835163
-0.000629321987965
-0.000383019299909
0.00199813855316
0.00085309774887
-0.000346535949194
0.0010272805897
0.000402914936361
0.00109220844276
-3.34578290933e-05
-0.000850854362031
-4.41592016286e-05
0.000264576331078
0.00116198586149
-0.00268078314359
-0.00035175963858
-0.00141130258721
-0.00109407373557
0.000512989668561
-0.000758451033073
-0.00177170326433
-0.000587674874075
3.60468564652e-05
2.00464671246e-05
-0.0
-0.0
-0.0
-7.62816090963e-05
0.00131385678998
0.000688742107553
8.54869294189e-05
0.00196943421903
-0.00105554372512
-0.00103755884062
0.000502827548853
0.000257030618696
0.000349692157566
0.000505061050966
0.000203577957547
0.0016661353455
-0.000229558197305
-0.000520966923348
-0.000329068168661
-0.00100067137039
0.000404145642373
0.0010136278873
0.000933965859014
0.000247648559159
-0.000869383080619
-0.00091039487797
4.50227508847e-05
-2.2253956834e-05
-0.0
-0.0
-0.0
-2.80175962704e-05
-1.117184433e-05
-0.00178038240234
0.000193405293075
0.00100824063266
-0.000945983334899
0.000196045859809
-0.000241874632716
0.00166418121965
0.00162196020379
0.00105393027548
4.37505182923e-05
0.000129916893719
-0.000276330314603
-6.6802021742e-05
-6.82293557197e-05
0.000154187126404
-0.00156097274113
2.49951444499e-06
-0.000861502153908
-0.000300229934432
-0.000671312716801
-0.000378864174041
-9.64081557697e-06
-6.48395652026e-05
-0.0
-0.0
-0.0
-0.0
0.000146276534913
-0.000892071013001
0.00131443256859
-0.000721639108483
-0.000250303056701
-0.00079052671942
-0.000614333957251
0.000704074369668
-0.000658009755248
0.000168910000743
-0.000832977432498
0.000333404226832
0.00138238648873
-0.00138480075094
0.000765693807275
-4.85903127737e-05
0.000279823405929
-0.00120724666412
-0.000694633941419
-0.000209705767251
-0.000323162601503
-0.000227211812621
-0.0
-0.0
-0.0
-0.0
-0.0
-0.0
8.92849927417e-06
0.000125417868243
-0.0005251007211
-0.00042629928418
-0.000423918005734
-0.000110283235478
-0.000604836225305
-0.00363313265997
-0.000856597629267
-0.000281202471089
0.001183637507
-0.00152864274863
-0.00157233564657
-0.000563457940453
0.000377967958498
-0.000273868102941
-0.000505367587584
-0.00104322222148
-0.000875747559047
-0.000941789714428
-0.000716257855192
-0.000109813982412
-0.0
-0.0
-0.0
-0.0
-0.0
-0.0
6.55710741242e-06
7.92156564029e-05
-0.000210125091774
-0.000312031610843
-0.000269912219963
-0.000153674455177
0.000271430583902
-0.000384632702202
-0.00120786988295
-0.000634925322746
-0.00111904194995
-0.000807893464141
-0.000198398392148
0.000287968157632
7.00733179129e-06
0.000143100377507
-0.000159885556922
-0.000278410612786
-0.00094635123581
-0.00107676459433
-0.000573116829029
-0.0
-0.0
-0.0
-0.0
-0.0
-0.0
-0.0
-0.0
-0.0
5.32396263063e-05
1.00733371174e-05
-0.000106931615555
-7.54749132604e-05
4.94895666045e-05
-4.75695116468e-06
0.000114993670351
0.000209154117691
-0.000116706220686
-0.000240557474132
8.93184233499e-05
9.91122567722e-05
0.000111734821896
6.71459335857e-05
-9.7450344462e-06
-2.83413023021e-05
-0.000284449679875
-0.000291975470764
-0.0
-0.0
-0.0
-0.0
-0.0
-1.87020607394
