-0.0
-0.0
-0.0
-0.0
-0.0
-0.0
-0.0
-0.0
-0.0
-0.0
-0.0
-0.0
-0.0
-0.0
-0.0
-0.0
-0.0
-0.0
-0.0
-0.0
-0.0
-0.0
-0.0
-0.0
-0.0
-0.0
-0.0
-0.0
-0.0
-0.0
-0.0
-0.0
-0.0
-0.0
-0.0
-2.96593626976e-05
-3.63682017416e-05
1.43087607258e-05
6.22786999167e-05
5.01827549525e-05
-1.22321897709e-05
6.22473953585e-05
7.63077400792e-05
6.02193573822e-05
2.38330764859e-05
8.71903029877e-05
-3.99715975566e-05
4.97163988157e-05
0.000103715773335
2.14982095879e-05
4.78455459148e-06
-0.0
-0.0
-0.0
-0.0
-0.0
-0.0
-0.0
-0.0
-0.0
2.42436610272e-05
5.02815559656e-07
-9.27201886369e-06
2.19942487616e-06
9.82304664229e-05
9.13337083551e-05
0.000107830843823
0.000119801076636
-0.000256422042104
-0.000453770808626
-0.00192834904734
5.02005779648e-05
-0.00207982642033
-0.000961993313589
-3.93741258632e-05
-0.00172599473904
-0.000108310182204
0.00011627578449
4.30216814355e-05
-6.26506227002e-05
-3.02137571551e-05
-0.0
-0.0
-0.0
-0.0
-0.0
-0.0
-0.0
2.50622674627e-06
-3.47528427282e-05
-1.51365041284e-07
2.48485752235e-05
-0.000389092367477
-0.000297584205362
-0.000920587674148
-0.00237202739146
-0.00134313808778
0.000293192707003
-0.00245342918404
0.00187122659055
-0.00195080302189
-0.00159007907276
-0.00185632603265
-0.00181243597453
0.00224257979991
-0.000240458398142
-0.000340546754818
8.22919825803e-05
5.07213777786e-05
-0.0
-0.0
-0.0
-0.0
-0.0
-0.0
5.72220234347e-06
1.25768646266e-05
-0.00134394658294
-0.00119267385028
-0.000223185660959
0.00285079616271
-0.00342321535085
-0.00225475248432
0.00241894013482
0.0010413041439
-4.61514708908e-05
-0.00458694845174
0.00429076132844
-0.00150104678809
-0.00330449705283
0.00327836892121
-0.000685864927143
-0.000957817814472
-0.000633522977166
0.00133714928306
-4.51510437497e-05
-0.000257167503105
-2.53767739439e-05
-0.0
-0.0
-0.0
-0.0
1.00612545883e-06
-7.03579682418e-05
-0.000904851271852
-0.00325172740188
-0.000580977739932
0.00426481427651
0.000155178793606
-0.000740776649588
-0.00560770810839
-0.00158534486162
-0.00233986940335
-0.000688972534748
-0.00168817745712
0.000290340945773
0.00325863558818
-0.00269407112856
-0.000804020293801
0.000160338464649
-0.000848109384209
-0.00088865059913
0.00148209894087
0.00270798110311
-0.000561009100402
-0.000150901408758
5.23670607299e-06
2.59967371332e-06
-0.0
-0.0
3.76200663303e-05
-5.51352073345e-05
-0.000411681428916
-0.00249951534735
-0.000423111402936
0.000759478208298
-0.00461342063135
0.00262459703157
0.000369140690346
0.000272392312594
-0.00155485085608
0.00112504837008
-0.00398143218639
-0.00104513722847
-0.00192497951003
-0.000366849252873
0.00112816323307
0.00107332733931
0.00236946194084
-0.00133266879489
-0.00268678879731
-0.00212679383519
-0.00364846151808
-0.00151755518834
0.000106993823224
-3.44659853209e-05
7.02263820416e-06
2.08629482611e-05
2.34017365889e-05
0.000115037959143
0.000417559918724
-0.00243147081688
-0.00386882519583
0.00211155520327
-0.00102425160696
0.000256692906285
-0.00258427147661
-0.000785397904229
-0.000531409692926
0.000825484909724
0.00272889138002
-0.00124624825281
0.00012381324122
-0.00275279431584
0.000531997350777
0.000519867624057
-0.00171094091481
0.00175694814824
0.000765380345677
-0.00129222029644
-0.00271227691027
0.000247785679744
0.000158570988556
4.82768546303e-05
2.8545780972e-05
0.000126691128377
5.64879036943e-05
0.000258254820031
0.000723668324286
-0.00376333186694
-0.00209162685898
-0.00211488195437
0.00346691079098
-0.00122244297298
-0.000336954613761
-0.00110970358567
-0.000631334439157
0.000200497535332
-0.000487872655344
0.000118036127808
-0.00092510811792
0.000420076278872
0.0011436233532
-0.000359845511279
-0.00205895046194
0.00096550445043
0.000158080226769
-0.000686411340996
-0.000981855432066
-0.00058197013575
8.18967398955e-05
6.29022998446e-05
4.62420141409e-06
-0.000547234258296
0.000102891712575
0.000261614701627
0.000671178680087
-0.00200402756378
-0.000872620459617
-0.00295136458156
-0.00159478535871
0.000727930203843
-0.000557278119274
-0.000965324672919
-0.00032501105588
0.000107971186692
-0.000230544864391
0.00156621770145
-0.00171304225124
-0.00152835016053
-0.000244782529894
-0.00173456255822
0.000183209093821
3.67770616768e-05
-0.0030110659848
-0.000990873078265
-0.00155656943568
-0.00120821559178
7.51978392144e-05
2.84856564161e-05
-0.0
-2.50666674959e-06
-5.76285092719e-05
-0.000323729613487
-6.12613826011e-05
-0.000127325288871
0.00102040232162
-0.00164862796987
-0.00166300119068
-0.000280151068818
0.000872876890947
-0.00136950717898
0.00198058435026
-0.00211102572713
0.00281281520431
0.00030522936179
0.00408654848043
0.00155693662667
-0.0012307099995
-0.000106458294798
0.00207977135331
-2.39388419837e-05
-0.00167424470971
-0.000675564468648
-0.000714203222256
0.0016535225957
-0.000688954374558
-0.0
-0.0
1.63037066043e-05
6.54974161295e-05
-0.00042022157001
-0.000474065424304
-0.000683955996548
0.000911675091982
0.00273075049228
-0.0022779542448
-0.000772352386059
-0.00038509210663
-0.000619105105419
-0.000412294756444
-0.00180527932923
0.00103777593516
0.0013918214421
-0.00142561426508
-0.000992158227375
0.00205330648883
-0.00083724001887
-0.00263780667473
-0.000302376045649
0.000817960989022
0.000670850319606
-0.000602486199429
0.00244678806432
-0.000257248094225
1.50614096192e-05
-0.0
-7.57473524788e-06
-0.000144579960346
-0.000322109593152
-0.000553124708907
-0.00115454234549
0.00150594768327
0.00280695715818
-0.00059033352501
0.000633113520772
-0.000576445292943
-5.76932583935e-05
0.000314389400847
0.00183379038063
0.000559488594622
0.00236177665149
-0.00062337942206
8.64929098638e-06
0.00137492610909
-0.00281180976625
-0.000633092153887
-0.000882970140976
0.00152708053493
9.61746457414e-05
-0.00142723631563
-0.00124902946823
7.92077574272e-05
5.16086434215e-05
-0.0
2.38028884337e-05
-2.57010942265e-05
-0.000290965649901
-0.000421036672008
-0.00066430863011
0.00196426305687
0.000646539869414
-0.000925079293015
0.00100851236406
-0.00111643100375
-0.00181905982238
-0.00196880097794
0.00143628712823
0.00320246364197
0.000412553651259
0.00195864605965
-0.000358191491854
-0.00142255737658
-0.000996648407974
0.000554383623362
0.000626201324784
-1.21339769936e-05
-0.000690200232045
-0.00075653119627
-0.000232878367212
-6.49696912002e-05
-0.0
-0.0
1.28203964311e-05
1.76676443371e-05
-0.000376975772349
-0.000551281832043
0.00118054386781
0.000582661993377
-0.00161289875661
-0.000975913123252
0.000494180552685
-0.00348627703344
0.000413182012514
-0.000896797426257
0.00153813826425
-0.00123823537083
-0.00068727966845
-0.00240115239141
-1.47987649253e-05
-0.000271815781144
-0.00157819543272
0.00174088022062
7.18647598279e-05
0.00107434218416
-0.00077606674768
0.000255067223612
0.00028712218338
0.000110868792506
-0.0
-0.0
6.3587382824e-07
1.94941189659e-05
-0.000321388101158
-0.000313985748616
-0.000835974423522
-0.000105322814715
-0.00136523702101
0.000111170163272
0.000555512167064
-0.00437725341937
0.00181545029798
-0.000834265970224
0.00140903709369
0.00450515823834
0.00196500389636
0.0011134326277
0.000816266296661
-0.00147197013058
-0.00118613295164
-0.000215175731989
-0.000939022933739
0.000294804995797
-0.00159729502457
-0.000399587909943
0.000219721869784
3.58797899004e-05
8.03028375624e-07
-0.0
-0.0
4.36923920608e-05
-5.86912823923e-05
-0.000238174230708
0.000503176529828
0.0010318852781
6.91388905967e-06
-0.00160025549863
-0.000558147910137
-0.000320866791414
-0.000875025175993
0.00285760509085
-0.00230509728497
0.000343982348489
-0.00303279633011
-0.000426632948813
0.000252916977372
-0.000894441260208
0.000897455509179
-0.00153326661624
-0.000436498634658
0.000739406071958
-0.000734438380521
-0.000337196765753
-0.000101606726134
7.3335059983e-05
1.44355471109e-06
-0.0
-0.0
-5.44454097316e-05
-0.00043714847854
-0.000631196914412
0.00106564534603
0.000472593055338
-0.00025688439297
0.00225094824046
0.000908372127441
-0.00344099704273
-0.000570996533095
0.000411298012818
0.000437156051486
0.0014690001229
0.000323367725248
-0.000531395454694
0.000218067472788
-0.000834320560361
0.000866888904688
-0.00130667393871
0.0012214846552
-0.000468111098731
-0.000555923626539
-0.000537330923755
-0.00019567702688
-0.000154036146295
-0.000106362844417
-0.0
-0.0
6.83709017655e-05
-0.00140626399986
-0.00185044596496
-0.000526196306959
0.000101639714403
0.00030563916625
0.00110969261891
-0.000154700774962
-0.000983519139689
-0.0015636925427
0.000473485079983
0.00164730304043
0.00419229404984
-0.00224929980567
-0.00361723945844
-0.000161413240989
-0.00106195931968
-0.0019649104038
0.00083578790473
0.00017778041558
-0.00149953922532
0.000418716534931
-0.000187263281101
-4.42405920969e-05
-0.000266481719624
0.00190796758622
-0.0
-0.0
-2.05300818512e-05
-0.00215146258934
-0.0018591361915
-0.000421341365693
-0.000810031512745
-0.00527454919255
-0.00201929013312
0.000591147041388
0.00215760175652
-0.00064251735988
-0.00209717643469
-0.000827730923031
0.000655933245814
0.00207360184401
0.000580488252211
0.000477395469521
0.00161795430685
0.00141902122342
0.00276752243678
-0.00167101624116
-0.00215948485237
-0.000824482829247
-0.000612117119638
-0.000493335828602
2.08692441624e-06
0.000840479040074
-0.0
-0.0
1.62996730882e-06
-0.00156835376953
-0.001549619809
-0.00171027641828
0.000657570580051
-0.00114369158047
-0.00238141189816
-0.000592779671039
0.00107140657162
0.00147188481446
0.00261221844218
0.000112962180082
-0.00232492892898
0.00207189187834
-0.00104703086228
-0.00212910772832
0.0014686572702
-3.29396328889e-05
-0.0026541433896
0.00260046373652
0.00198197910077
-0.000992322483044
0.00329376611796
0.00107112299599
0.000106556025397
-0.0
-0.0
-0.0
-0.000117800684588
0.00293459681019
0.000856473909166
0.000373950231192
0.00145619959278
0.00536777266688
-0.000750067856426
0.000244942847187
-0.000529653239149
0.000540215690496
-0.00240065570106
0.00141762544913
-0.00240204965624
0.00175424624044
0.00215249570391
-0.000975912657126
-0.000731107576064
-0.00106459224105
-0.00151443808272
0.00177189646169
0.000237947497902
-7.63819033944e-05
0.00334112724859
0.00346172812773
2.32677194461e-06
-0.0
-0.0
-0.0
6.00157900443e-06
0.00180568556794
0.00205546148371
9.13298248026e-05
0.0012204508148
0.00357987553796
-0.00132212369296
-0.00115457043594
-0.000397948956497
0.000102624901367
-0.00120647993812
-0.00138962381738
0.00273637669865
-0.00244381295275
-0.000263059315064
0.00242697046357
-0.00209267942156
0.0010890717348
0.00199758679395
0.00122170131176
-0.00146392055188
0.000579282824006
0.00191343328447
0.0018985990561
3.93565830057e-05
-0.0
-0.0
-0.0
4.80084286449e-05
-3.58814156129e-05
-0.000281126211072
-0.00185642800512
-0.000936958561727
-0.000655410449389
-0.000652067302809
0.000689716988572
0.000240840146793
-0.000499445933593
-0.000833237872127
0.00122031261217
-0.0015878403114
0.00111280401521
0.00288947153886
0.00242421580437
-0.000683060301453
0.00176037599127
0.00373411957039
-0.000274966209112
-0.00137655714428
-0.000955592699399
-8.08835230251e-05
1.01893413779e-05
4.76223461074e-05
-0.0
-0.0
-0.0
-0.0
0.000218114423162
-0.000669646489004
-0.00472841279799
0.000460068292148
-3.91398733052e-05
-0.00302290118056
-0.000216328895474
-0.000317367321923
-0.0010294775199
0.000690864676848
-0.00372441365534
0.0022897343699
-0.00458898951318
-0.00285322269492
0.00219560389749
0.00094790147592
-0.000569435267446
-0.00270406770412
-0.00322632622496
-0.000790388921665
-0.000938604314504
-0.000399927834383
-0.0
-0.0
-0.0
-0.0
-0.0
-0.0
3.04563654741e-05
9.22775229252e-05
-7.73603127154e-06
6.0970544072e-06
-0.000217957344274
-0.00215341409895
-0.00216612989992
-0.00255781043024
-0.00398064791512
-0.00244687196276
-0.00184270095813
-0.000430538840628
-0.00194952073857
-0.00295152172944
-0.00109372946327
-0.00132678835406
-0.00209072946046
-0.00102166269456
0.000122268943648
0.000107387441837
7.02460849423e-05
4.33148264499e-05
-0.0
-0.0
-0.0
-0.0
-0.0
-0.0
-6.40365876266e-06
-3.78240087761e-05
-0.000110897529887
5.8839291125e-06
1.01692310212e-07
-0.000543074361632
0.000195130265545
0.00053274626016
-0.00117926461732
-0.00174237120773
0.000211595324909
0.000219983702457
0.000463234661739
-0.00168930599982
-0.00097175555647
0.000136550964709
0.000157195929388
8.08848475487e-05
1.90684153433e-05
-0.000309988320959
-0.000309397614972
-0.0
-0.0
-0.0
-0.0
-0.0
-0.0
-0.0
-0.0
-0.0
2.58380093824e-05
-4.12412256262e-06
1.4781546538e-05
6.2105253937e-05
4.70607840789e-05
0.000131917344697
0.000139376164457
0.000212050090296
0.000153205876486
9.91419376084e-05
0.000126008618734
0.000101404757191
7.61099206196e-05
-5.97621622235e-05
-5.57240643113e-06
4.7552620951e-05
4.73712151505e-05
3.36216047236e-05
-0.0
-0.0
-0.0
-0.0
-0.0
-1.18754595552
