-0.0
-0.0
-0.0
-0.0
-0.0
-0.0
-0.0
-0.0
-0.0
-0.0
-0.0
-0.0
-0.0
-0.0
-0.0
-0.0
-0.0
-0.0
-0.0
-0.0
-0.0
-0.0
-0.0
-0.0
-0.0
-0.0
-0.0
-0.0
-0.0
-0.0
-0.0
-0.0
-0.0
-0.0
-0.0
-4.53256957515e-05
-0.000132027731799
-0.000157366828628
-8.11426857518e-05
-2.50589393092e-05
-3.4111982144e-05
-1.22800670521e-05
-1.83162978648e-05
-5.14571270998e-05
-7.9033381166e-05
-0.000211237156015
-0.000151878972782
-0.000518455960334
-0.00167554370223
-0.000417248251519
-8.30537249746e-06
-0.0
-0.0
-0.0
-0.0
-0.0
-0.0
-0.0
-0.0
-0.0
-1.90872333386e-05
-3.09149074338e-06
-5.15519777143e-06
5.52174439751e-05
5.53368792828e-05
-0.000201799117127
0.000287585983002
0.000207120661862
0.000134152064423
-4.67330756559e-05
-0.00179006637837
-0.00115213941782
-0.00391590307151
-0.00170129060146
0.000690692771709
-0.00137029350858
-0.00205022324845
-0.000455378413611
-2.54516361295e-05
-4.45812608647e-05
-2.17228887605e-05
-0.0
-0.0
-0.0
-0.0
-0.0
-0.0
-0.0
-1.97144582978e-06
-4.70240387437e-05
4.98217913224e-05
-0.00138087968536
-0.00539930069787
-0.00930750856444
-0.00230041646091
0.00266198911538
-0.00302693288581
-0.000649739244079
0.00573692252804
0.00209660000113
-0.000406359644931
-0.000644109318204
-0.00549693230729
0.00184494967553
0.002006726288
-0.00205614854722
-0.00457931499026
-0.00321039069126
-7.2449007642e-05
-0.0
-0.0
-0.0
-0.0
-0.0
-0.0
3.58543123696e-05
-0.000842090400007
-0.00599269613541
0.00589395122993
0.0048378127068
0.0153418747741
-0.00129871343568
-0.000148394867602
-0.00555529840607
0.00359652540037
-0.0013021691225
-0.0014093587877
0.00245554594216
-0.00286908975397
0.00121793584607
0.000960791516685
0.00101219574389
-0.00377089042051
0.00623893528349
-0.00338206627946
-0.00276656887932
5.27803376217e-05
1.35635988461e-05
-0.0
-0.0
-0.0
-0.0
-2.89861745364e-06
0.00296113346268
0.00226813863341
-0.00592844074876
0.00172953976341
-0.0015366960278
-0.00274729738555
-9.82121249532e-05
-0.00193317008285
0.00521583121781
9.2493662225e-05
0.00254054634231
-0.00320126261412
-0.0017361329522
0.00667820910243
-0.00205696248201
-0.000327585382472
-0.00771393248125
-0.00299463913424
-0.00393708529896
-0.00993589321319
0.00400396661213
-0.00412570080911
0.000125795778423
5.36910155887e-05
6.41961123055e-06
-0.0
-0.0
-0.000286923090009
0.00720022705624
0.0117543924051
-0.00926280295665
0.00470069735892
0.00362980444345
-0.00608331130476
0.00390890940528
0.00219209343489
0.00219043210161
-0.00614712755039
0.0141348426921
-0.00925360045694
0.00689043106485
-0.00274021567621
-0.000502846484259
-0.00193288952094
0.00256067756079
0.00388347632477
-0.00824033941167
0.00330924924157
0.00142369685613
-0.00666072675629
0.000141397485742
8.55811236817e-05
0.000100901276168
2.04130023093e-05
0.000589833672706
-0.00479317514345
0.00566886411975
0.00387524294823
-0.00900376789576
-0.00235055710189
0.00371780459006
0.00309471190249
0.00457292759731
-0.00249961822719
-0.00810658350156
0.00565297760862
-0.00948141050627
0.0127810682199
-0.00614593548455
-0.00109264359463
0.00229053506941
0.00480438927939
-0.00422923986991
0.00525811750397
-0.0053179323788
0.00152350232723
-0.00716078466191
-0.000787261368875
0.000396190668186
0.000184772051529
3.86569545691e-05
8.28183878253e-05
-0.000301884842765
-0.00380793595879
0.00298506045093
0.0136136601602
-0.00932603465408
0.00918233614131
-0.0016124970888
-0.00737087012925
-0.00857709955917
0.0041019743306
0.00336139274092
-0.00229667513381
0.00524434173358
-0.00607402612466
0.00132358219262
0.0013982615909
-0.000408359486334
0.0026804118683
0.00023929656845
0.00208723406603
-0.00786635257846
-0.00232596306764
0.00843616623054
-0.0111983639619
3.17061145962e-05
2.37205804557e-05
-6.26219489037e-05
1.34625404038e-05
-0.000484436284736
-0.00273950275276
0.00969303795525
-0.00517440288256
0.00625957367884
-0.00596250297241
-0.000415972876864
0.00677599582325
-0.00288297636698
0.00389066404371
-0.0121971607109
0.00285639293038
-0.00321667488674
0.00175294060967
0.00327668333335
0.0017908937371
-0.000910177391442
-0.00279824938066
-0.00137495940571
0.00549602364995
0.00798791150203
-0.000245214018622
-0.00334931382619
-0.0186214204496
-0.000316627818721
-5.67151359223e-06
-1.06761301127e-05
-0.0
-0.000108004569232
-0.00467651054088
0.00678622054803
0.003736618523
-0.00368070134736
0.0146045302483
-0.00016130409217
-0.00578899416311
0.00235833788967
-0.0158353842254
0.00300202205394
-0.00599733727212
0.00565497735843
-0.00528796540677
0.00100002874167
0.00288245014181
0.00673117573819
0.000279780295985
0.00701610847209
-0.00661488323364
0.00153876231409
0.00322146746852
0.00892525031329
-0.0189160216511
-8.51275644634e-05
-4.1486483938e-05
-0.0
-0.0
-0.000127852859814
-0.00601210895668
-6.1866292404e-06
0.00139281805489
-0.00968338191357
0.00614903324591
-0.0016635893895
-0.0102239712702
0.00312523260046
-0.002460545627
0.00655747260966
-0.00441381475246
-0.0123680835817
0.0130732148436
-0.0021911473203
-0.000456635563794
-0.00537775256034
-0.00314989157267
-0.000444890222876
-0.00289309080116
-0.00139452856012
-0.00143377782254
0.0121147708562
0.000579576225971
-0.000195003090842
1.05127455112e-05
-1.77954254557e-06
-0.0
-7.84074003586e-05
-0.00227603349467
-0.000913230472178
-0.000921850795407
-0.00114576916373
-0.0311676622573
0.000781794132434
-0.00129380989138
0.00350650520659
-0.00646221041742
-0.00460881385907
0.0126783106567
0.00331809186705
0.00208352271654
-0.00195105477046
0.00143415572838
0.0122951150758
0.00373822105549
0.00282070085002
-0.00657271202652
0.00606885905987
-0.0133973970226
-0.0157162889219
-0.000186598670315
-0.000382751783223
1.14498222192e-05
-6.1066748417e-06
-0.0
-6.82501859596e-05
-5.84348146877e-05
9.86697450109e-05
-0.000762093301398
0.000188488928116
-0.00493101684191
0.0118178717419
-0.00419580263917
-0.00533918365868
0.00266034772231
-0.0016028481281
-0.00432997347109
-0.00296014591254
0.00549090702101
0.00252947698855
-0.00221986578388
-0.00103372275291
-0.000104534969801
-0.0101022065341
0.00837607871065
-0.00721521975152
-0.00164466852991
-0.00630433539269
-0.000714479004114
2.31166208086e-05
-6.81884121761e-06
-0.0
-0.0
-2.94221779313e-05
-5.32412664666e-05
0.000183272902271
-0.00124038150012
-0.016733411773
0.0205878836948
-0.00671999438989
0.00873180045678
0.0058522257485
-0.00345121234114
0.00650441366011
-0.00223326359716
0.00746798184176
-0.00220748895728
0.0035673087131
-0.00337959048222
-0.000623200635916
0.00731039546895
-0.00752823885878
0.013873686858
-0.00653276680306
-0.00821894129934
0.00184508127337
-0.0031131809324
-0.000124392936229
3.25561148988e-05
-0.0
-0.0
-1.45870925608e-06
-4.4740883217e-05
-0.00133846144221
-0.00338309628281
-0.0150026811013
-0.00438248406796
0.00240042185313
-0.0144845429994
0.00145382183404
-0.0060671514589
0.0012488091902
0.00479093325568
-0.00352275510847
-0.00611545219442
-0.000662494545722
0.00690854084684
-0.00348755943019
-0.00915821492407
0.00712543388849
-0.0116943379683
0.0036286799362
0.0118034959468
0.00366597762298
0.00648723538158
9.24077706671e-05
0.0130644965006
-1.68209505571e-06
-0.0
-0.0
0.00269562317056
-0.00161784463336
-0.0006371443475
-0.000338941668636
-0.00139459354641
-0.0041108629988
-0.00747358703176
-0.00200826478158
0.00180937312179
-0.000557252688795
0.000957268113192
-0.0040053204323
0.0107956404613
-0.00489657365347
-0.000228003076383
-0.00651842812254
0.00608283506606
-0.00317173621803
0.00421095932737
-0.00646003417109
-0.000398080410401
0.00496253176057
0.00664368903125
-0.00136426128791
0.000329123842775
-3.09884207384e-06
-0.0
-0.0
0.00482458302731
0.0053892588086
0.00147996144519
0.0110310453405
-0.00341832813063
0.00459671009847
0.00235254578057
0.00468622765087
-0.00445783894329
-0.012264156395
0.000204652566326
0.00616304267559
-0.0110401749068
0.00262354316724
0.00285165186877
0.00415333081322
0.00514819356142
0.00193835234487
-0.00818865044304
0.0126235830627
0.00517841645452
-0.00365218164593
-0.0032530885374
-0.00563322230353
-0.000111261679884
-1.22756310881e-05
-0.0
-0.0
-0.00177900620434
0.00611156235916
0.00912800701534
-0.0040905244487
-0.00903117980279
-0.00370567623408
-0.00158439031242
-0.00663029217831
-0.00707693621389
0.0102674731807
-0.0100194388868
-0.010585679573
-0.00822191442161
-0.00395470911801
-0.00225111519204
0.00130372415117
-0.0048200821684
0.0104427726688
-0.00457470284087
0.00283358373943
0.00343346938976
-0.0111028049024
0.00533999620174
-0.00393148319265
2.53521921381e-05
-0.00218584903527
-0.0
-0.0
-0.0198099881018
-0.00123103833012
-0.000666435600143
0.00796944335703
0.000276342094655
0.00361047843156
0.00500543115855
-0.00743599948136
0.00861638380497
-0.0105020570072
0.00489066285024
0.00917004133178
0.000711550638274
0.000534572106592
-0.00334489472051
0.00337061491398
0.00138693970287
0.00312874760507
0.00380188015825
-0.00821360582821
0.00101222953118
-0.00226399198345
0.00225593488539
-0.00647264864117
2.2528303522e-05
-0.000947870131344
-0.0
-0.0
0.000531390960738
0.00877264083551
-0.0112427756603
0.0140200262088
-0.00173324977604
0.00235079347378
0.00251397275101
0.00771721180549
-0.0133585695609
0.00484073641262
-0.004864459362
0.00422285210653
-0.00114408629705
0.00392099494661
0.00318079421229
-0.00114173775439
-0.00306370018481
-0.00877207350585
0.00114910112398
0.00893468229882
-0.00213638870466
-0.00266309863288
-0.00282545849647
-0.00333262897574
5.48461458626e-05
-0.0
-0.0
-0.0
0.0019645059296
0.00688089014622
0.0156584491508
-0.00640533537095
0.00323717746311
-0.00334597567435
-0.00123800425309
-0.00413648425501
0.00613417341471
-0.00241683453084
-0.00280789851314
-0.000578988593904
0.00601957534803
-0.00502205863366
-0.000930817593442
-0.0014870765739
0.0101142458175
0.0019860855044
-0.00524136075216
-0.00490353181306
0.000151481168092
0.00475248353977
-0.00809989745012
-0.000306918979684
6.9421402866e-05
-0.0
-0.0
-0.0
-3.82394365241e-05
-0.000212784022253
0.00468692170532
-0.00625350334483
0.00404417552996
-0.00827102026892
0.00454247055054
-0.000375387283155
-0.00404180619859
0.00352485926014
0.00314558998019
-0.00170161407504
-0.00579056294134
0.0157836235806
-0.0033608351062
0.005589125997
-0.0105024662444
0.000900139804042
0.00899661441694
0.0141181250314
-0.00361469389738
-0.00462717373577
0.0001090574314
-0.000101209123583
3.51192960135e-05
-0.0
-0.0
-0.0
-7.65383217043e-05
0.00484526075025
0.0216305812103
-0.00773571671381
0.00904773988361
0.00218383479674
0.000825091328467
-0.00105772785965
0.00557450848983
0.0020306406338
-0.00641212899579
0.00203297331756
-0.00028712069068
-0.00422741372914
0.00306466881755
-0.00143851054605
0.00608663897434
0.00352310798551
-0.0118050481952
-0.0030179336708
-0.00802094579193
-0.00849883149969
-0.000140876503515
-6.56132564158e-06
-2.57958661736e-05
-0.0
-0.0
-0.0
-0.0
0.0128338000994
0.0158887291191
-0.0048476065597
-0.00495722998173
0.00616730865281
0.00690945852085
-0.00538723888065
-0.00278834494052
0.00584737621451
-0.000970106962564
0.00104376296206
-0.00270886532259
-0.00260816479451
0.00514430037526
-0.00663728001983
0.00632013155442
-0.00225023836522
-0.00579241468631
0.00217988430423
0.00611888773983
0.00121434533204
-4.35176774285e-05
-0.0
-0.0
-0.0
-0.0
-0.0
-0.0
1.45632935832e-05
8.00638088925e-06
-0.00203005326234
0.00692148005751
0.00474301487304
-0.00486380028864
0.00454451613899
0.0107869377709
-0.00777553884942
0.00414318738705
0.00920202127205
0.000241912245141
0.00447456135345
-0.00525064487438
-0.0129997091283
0.00633949038422
0.00193323293376
-0.00207519768096
0.00576126203304
0.00439871314719
5.25395303878e-05
-3.9203770453e-05
-0.0
-0.0
-0.0
-0.0
-0.0
-0.0
-2.10814913612e-05
-0.000143985299072
-0.00016314736345
-0.00582533144166
-0.0127298363417
-0.00833217654959
-0.00769902447749
0.00401494480714
0.000956635461547
-0.00181968728444
-0.00491230280695
0.00168843638443
-0.000159932010329
-0.0061772033394
0.00246067196622
0.00313077820159
0.00322290126952
0.00448602941865
0.00138049250481
0.000131893456794
0.000116974389402
-0.0
-0.0
-0.0
-0.0
-0.0
-0.0
-0.0
-0.0
-0.0
-3.58539306464e-05
-9.86155637727e-05
-0.000123777508327
-4.63615399809e-05
-0.00015292421749
-2.57876230453e-05
-4.4040775061e-05
-3.78215452607e-05
-0.000989385812165
-0.00294968079903
-0.000894229534386
-4.30205939632e-05
-0.000359264595721
-0.00164079502457
-0.000774307644429
-4.47052800373e-05
-6.71380932249e-06
-1.04819971662e-05
-0.0
-0.0
-0.0
-0.0
-0.0
-6.09157421466
