-0.0
-0.0
-0.0
-0.0
-0.0
-0.0
-0.0
-0.0
-0.0
-0.0
-0.0
-0.0
-0.0
-0.0
-0.0
-0.0
-0.0
-0.0
-0.0
-0.0
-0.0
-0.0
-0.0
-0.0
-0.0
-0.0
-0.0
-0.0
-0.0
-0.0
-0.0
-0.0
-0.0
-0.0
-0.0
3.92184247778e-06
1.41360372446e-05
1.9970960656e-05
-2.88193494777e-05
-0.000266198198507
-0.000560386967133
-0.00343734328345
-0.00145080164583
-0.000559821424223
-0.00119504309896
-0.0026138276426
-0.00143634009988
-5.25022975577e-06
-1.52557082795e-05
4.17819090137e-06
6.5394860991e-06
-0.0
-0.0
-0.0
-0.0
-0.0
-0.0
-0.0
-0.0
-0.0
3.01117261018e-06
-8.01126073478e-06
-3.85846175566e-05
-6.80692590009e-06
3.39669264371e-05
2.3182028281e-05
-0.000878242368561
-0.0022005198556
-0.00268777811827
-0.00364312917428
-0.0066561964755
-0.0028851015453
0.00187231233134
-0.00518207909932
-0.00233662649383
-0.000113603487107
-0.000659108453424
-0.00164025710888
-0.000756281147234
9.36593774163e-06
4.28730379931e-06
-0.0
-0.0
-0.0
-0.0
-0.0
-0.0
-0.0
3.11473391155e-07
-0.000124202546048
-0.000134640774298
-1.71989870261e-05
0.000207950927804
-0.00203594252329
-0.00444018013215
-0.00512873862577
-0.000332334473004
-0.00710174151348
-0.00595424480795
-0.00257816456346
-0.00274566045354
-0.00617497281135
-0.00378179956808
-0.00348074578325
-0.00290439411642
-0.0037590049928
-0.00168461848183
-0.000352313285833
-9.44013802044e-06
-0.0
-0.0
-0.0
-0.0
-0.0
-0.0
4.07943418272e-06
0.000597426668647
-0.000306192135908
-0.00206432047135
0.000470601334328
-0.000246373951722
-0.000675592367018
-0.0020913664554
0.00281955681746
0.00120813877539
-0.00100875174695
-0.00247974763708
0.00343453358405
-0.00324492175584
0.000816732173658
-0.00390133225516
-0.000568353867618
0.0023181009901
0.0025201192277
0.00865734340651
-0.000537448068011
0.000208849433432
-5.90571131124e-05
-0.0
-0.0
-0.0
-0.0
4.51363998646e-07
-0.000279910266686
0.000640124019833
8.48306705624e-05
-0.00268836571201
-0.00259710479823
0.00273578640925
-0.00130684732703
0.000745941627233
-0.00284998979566
0.000337516703866
-0.00215692429687
0.00294829197892
-0.000549411813119
-0.00209692680761
0.00555031160463
-0.00243991770369
0.00207925323132
-0.000196356686896
-0.000820518580686
0.00362620222822
-0.00229888402738
-0.00248479632059
0.00321301615657
7.79550036665e-06
4.9392465521e-07
-0.0
-0.0
-6.60939462994e-06
-0.000739597233737
0.00186982503855
0.00281175982694
0.000409627132437
-0.000145812064305
0.00310232477295
-0.000598157192609
-0.00130955950329
-0.00170374888336
-0.00195802299746
-0.00236463382644
-0.00102156546541
-0.002797566731
0.0023915009609
-0.00262893712477
-0.00536139932138
-0.000559142659841
0.00193156587623
-0.00165849678318
0.00212229777991
0.00120613058179
-0.0038743569467
0.0011710945582
-0.00311345921243
1.13138176767e-05
1.78159373533e-06
1.48167389852e-05
1.5607644005e-05
-0.00143881884496
-0.00172873375723
0.0035862433648
-0.000604120352164
-0.0049468837364
0.00210756192796
0.00383720208668
-0.00189473607332
0.00112695385199
0.00172546578422
-0.00527368737405
-0.000372469910468
-0.00293142530582
-0.00341588246277
-0.00128673511718
0.00521565795027
0.0011932647934
-0.0024112939692
0.0049319681966
-0.000821262685246
0.000317295511267
-0.00237993880277
0.00232667341773
3.84693237927e-06
-0.000226727617711
7.23199214895e-06
1.95907540355e-05
-7.22316708922e-05
-0.00247863360219
0.00300936119334
-0.000711218467128
-0.00180708683412
0.00109619576815
-0.00642757505031
-0.00160287910411
0.000879390333314
-0.00417647946197
-0.00298642431866
0.00098107010555
-0.0018222271771
-0.000265308975857
-0.000342235686968
-6.49069832279e-05
-0.00335754119214
-0.00290380714141
-0.000448965965414
-0.000818110738631
0.00259537130491
-0.00145902924756
-0.00194854104139
-0.00267169345127
0.000458120216789
-0.00413094524451
1.17386828728e-06
1.25187978957e-05
-0.000463085047951
-0.00225608868421
0.0051993740125
0.000607995301688
0.00187435678517
0.00411976356809
0.00206469106795
-0.0032814345793
0.00422433139956
0.00110408877756
-0.000777322178274
-0.00234066955034
-0.00419953554023
-0.00106895370569
7.68128247169e-05
0.00159592832373
-0.00351195752009
0.0061839997361
-0.00239274547937
0.00199962142688
-0.0023454672184
-0.000677501451038
8.33565838276e-05
0.00326139888446
-0.00269920075084
-4.37108951111e-05
-0.0
1.32983231757e-05
-0.00273952870024
-0.00356691285167
-0.00391476743337
-0.00215631699228
-0.00266917975548
-0.00299435997682
0.000336722303175
-0.00360590257298
-0.00127431048316
-0.00078096451931
-0.00236186600343
-0.000690969420093
-0.000409651932581
0.00176172357659
-0.00287411653412
-0.000985910554297
-0.000547169734534
-0.00459522925188
-0.00148830867294
2.64802129202e-05
-0.000252510459199
0.0034899757796
-0.000280059864043
-0.0013568216946
-2.5707343471e-05
-0.0
-0.0
6.68186375453e-05
-0.00117635634617
-0.00356564815086
-0.00189207568416
-0.00155317782869
-0.00264400025104
0.00500628219833
0.000292077325348
-0.000324215555503
-0.000471730492606
0.00362736251698
0.00202082156655
-0.00120459525526
-0.00656217633206
0.0021151131627
-0.00168969498268
0.00360988834146
0.000251196461912
0.00337638747854
-0.00299336865201
0.00124483469889
0.00350747827864
-0.00528005239094
1.26205610691e-05
-0.00287353419194
5.22116971732e-06
1.01094174237e-06
-0.0
0.00048335208249
0.000847796770662
-0.00141924099462
-0.00152872435507
0.00533421217784
-0.00207795482168
-0.00136071510869
-0.00153064807226
0.00354507005364
-0.000161321252938
-0.000656422876086
0.000436870310841
0.000919032739127
0.00176798897155
-2.05590467663e-05
0.00178031438533
-0.001806204
0.00050939612257
-0.000894732193499
-0.000251188000508
-0.000617009025617
-0.00462463576581
6.93777586363e-05
0.00258268036365
-0.00450049352847
-0.00403452947868
3.47235910812e-06
-0.0
0.000932099727131
5.0205219819e-05
-0.00265898464031
0.00488133204365
-0.00181659477947
-0.00328321921385
0.00131906509367
0.00257659938196
0.00110097829742
0.000929855938297
0.0041880224379
0.00371639101172
-0.00297232996803
-0.000856935557579
-0.000355041631358
-0.000556804272995
0.00325022215736
0.000721360477249
-0.000865128993599
0.00462265039812
0.00127454140912
-0.00337229663365
-0.0027611458481
0.00132341076245
-0.00410840422803
-0.00224541271331
-0.0
-0.0
0.000444924393896
0.000866645847278
-0.000551939230201
0.00623548782496
-0.000577348354964
0.0058492262733
0.00628098339255
-0.00425238983755
0.00159237719642
-0.000241428083733
0.000176647897437
0.00425949066671
-0.0027760570378
-0.00121321988139
0.00113976151952
-0.000280842622658
0.000685653071177
0.000446043614849
0.00341069190888
-0.00305480430927
0.00150111643376
0.00342715505203
-0.00157810744651
-0.00130156488869
-0.000301556983131
-0.000173039610249
-0.0
-0.0
2.20623756909e-05
0.000676579125014
0.000656838233127
0.000239593863984
-0.00326309920051
0.00263725266521
-0.00195314788834
0.00399470906569
0.00270402567485
-0.00270091000438
0.00305098928236
-0.000342342928459
0.00184830414118
-0.00105766110804
0.00229681742627
0.002522707145
-0.00084771815553
-8.52096621907e-05
-0.000935422982908
-0.000659173021473
-0.00183230478402
0.00298303112836
-0.00496586679475
-0.0037155927944
-0.00105673946224
-0.000967758772682
1.0836763132e-07
-0.0
-0.0
-8.98920548338e-05
-0.00106263212815
-0.00820581449812
0.00179627613654
-0.00432561334663
-0.00224909141917
0.00427304730875
-0.00324802369538
0.00314853731534
0.000930441751769
0.0012510350168
0.000200242131011
-0.00268928276568
0.00546084076012
-0.00167027003855
-0.00119576088816
0.00344795234964
0.00157184951125
0.00104103253862
0.000651780563659
-0.00263646986841
0.00585252535496
0.00157919590877
-0.00444817414963
-0.00140568467875
1.99484800813e-07
-0.0
-0.0
-0.000172810240402
-0.000352550275016
-0.0034001349081
0.00295388558934
-0.00374969832181
0.00478139908142
0.00110429957435
0.00160432981292
-0.00382314932274
0.000829858334967
-0.00250682920929
0.00246644479679
-0.000319767896733
-0.00113914414356
0.00660000302637
0.0018490308277
-0.000428425420787
-0.000600527201073
-0.000587458319013
2.32359465624e-05
-0.00149831612786
0.00317570499299
-0.00515145124729
-0.00110647737553
-0.00223028144315
-1.23702769334e-05
-0.0
-0.0
-0.00122841138468
-0.00017625306792
-0.0048743416991
0.00134818979762
-0.000368743183887
-0.0024088929493
0.00464379543404
-0.00312100923806
0.000612928095025
-0.00628570785392
0.00670110529991
0.00158584262961
0.00194648101694
0.000913346989137
-0.0060746946495
-0.000939843030477
-0.00540490378895
0.00428568806756
0.00219005509387
-0.00135899985993
-0.00396776051764
0.0021561898419
-0.00547821527456
0.000145631006323
-0.000575998411153
3.2136399162e-06
-0.0
-0.0
-0.00131076734796
0.000203173812295
-0.00425793665106
-0.00235227443275
0.00523438982466
-0.00318767612495
-0.00589615884423
0.00144389461981
0.000670380966598
0.00224083659288
-0.00494890356433
0.00221273939768
-0.00272055016979
0.00419715141499
0.00249856736244
0.000124840653657
0.00136691922556
-0.00176764941105
-0.00353597354373
0.00082337287487
-0.00725213445969
-0.00321851556411
0.000569276228258
0.000172486147706
5.55472547108e-06
4.69358450903e-06
-0.0
-0.0
0.000100690544851
0.000571215815926
0.000660006485896
-0.00134338587166
-0.000970371612019
-0.000214881133535
-0.000226868166667
0.0012168167524
-0.00981025857737
0.00175461895885
-0.000370131093745
0.00222049558085
-0.00221667936589
0.00302759587987
0.000668093393601
-0.000172594567218
0.00163604132549
-0.0010669976856
0.00148035825563
0.00225416942607
-0.00178599220433
-0.00119289299853
-0.000981851977696
0.000154141827247
3.71649219304e-05
-0.0
-0.0
-0.0
8.05890361272e-05
0.000452077078775
0.000651885029358
-0.00068655363846
-0.00200259430312
-0.00498998946044
-0.00153926924892
0.000224196642236
0.00184241105365
-0.00250749399479
-0.00146626689772
-0.00203382716399
0.00082610800433
-0.00526034117917
-0.00311563835604
0.00114003254003
-0.00495878740424
-0.00281051994479
0.00298946177429
0.00170781281361
0.0053418190416
-0.000692821262262
-0.00209824005699
7.72196279688e-05
2.7585975748e-05
-0.0
-0.0
-0.0
3.40401517298e-05
0.000228214184312
0.000579494805615
0.000280491739199
-0.0049890800475
-0.00083661205283
0.000705684356572
-0.000830092241937
-0.0056408565427
0.00414063460318
-0.00489346883949
0.00155127637899
-0.000581044960997
0.00191378619567
-0.000456412004331
0.0020148658984
0.00406601531735
0.000443223987113
-0.0042673207235
-0.00166142213362
0.000752244689981
0.00224170968175
0.00130619219149
5.81295868822e-05
1.38950574577e-05
-0.0
-0.0
-0.0
4.03771142361e-06
-9.9656311566e-05
-0.00048254124445
-0.00115516593894
-0.00114789864162
-0.00139801912102
0.00276360124422
0.00207697857849
-0.00231602970197
0.00025511519923
0.000856347216337
-0.00143334986352
-0.00418924644244
0.00251335320368
0.00179688517664
0.00250774668136
0.000146793587305
0.000365473335677
0.000845416957488
0.00126293989547
-0.00138474467308
0.00146974097737
0.000137720699668
1.71155491474e-06
5.0493416885e-06
-0.0
-0.0
-0.0
-0.0
-0.000199367150526
-0.00113439925721
-0.0013888755334
0.00262916943959
0.000442622941346
-0.00174537188731
0.00143639866485
-0.000645790675572
0.000375116634728
-0.00211977233769
0.00220956451292
0.00092431145043
-0.00438403624645
0.00239447054708
-0.00376721227847
0.000332133094681
-0.00110854556331
-0.00408706407553
0.00134863825278
-0.00196692064669
-0.0021021471813
-0.00012263221282
-0.0
-0.0
-0.0
-0.0
-0.0
-0.0
1.63044757929e-06
-2.74482663394e-05
-0.000862949548906
-0.00275344922889
-0.00683968067415
-0.00114821393458
-0.00387141706753
-0.00160078051465
-0.00181764518652
-0.00566899956682
-0.00257607354028
0.000237292102981
0.00147074641724
-0.00531984021727
-0.00246534418131
-0.000874485007708
-0.00626235268487
0.00254887165373
0.000462163887999
-0.000898670561641
0.00848665449734
0.00187623797502
-0.0
-0.0
-0.0
-0.0
-0.0
-0.0
1.35891027158e-07
-0.000312804321609
-0.000598589268536
-0.000704700224918
-0.00261503014684
0.0025889496836
-0.00275686977787
-0.00226511992393
4.76100423015e-05
-0.00037983937021
-0.00262144295078
-0.00559385507198
-0.00579834842462
-0.00527876933563
-0.009495976833
0.000322189501495
0.000103108103381
-0.000712015699517
-0.00381850243036
-0.00225201245778
-0.000816086200193
-0.0
-0.0
-0.0
-0.0
-0.0
-0.0
-0.0
-0.0
-0.0
5.89800280898e-06
6.09437853715e-08
-0.000492771065685
-0.00024483416028
5.27736580673e-05
6.93203862321e-05
9.85060352854e-05
0.000164290709856
7.33918911566e-06
-5.39108322523e-05
-0.00197156960679
-0.000474936213409
7.14828542221e-05
3.94920544884e-05
2.4372392025e-05
-9.06602790454e-05
-0.00175486286308
-0.00111665316432
-0.0
-0.0
-0.0
-0.0
-0.0
-1.00848354737
