-0.0
-0.0
-0.0
-0.0
-0.0
-0.0
-0.0
-0.0
-0.0
-0.0
-0.0
-0.0
-0.0
-0.0
-0.0
-0.0
-0.0
-0.0
-0.0
-0.0
-0.0
-0.0
-0.0
-0.0
-0.0
-0.0
-0.0
-0.0
-0.0
-0.0
-0.0
-0.0
-0.0
-0.0
-0.0
3.76164721242e-06
1.34204947159e-05
1.8831550357e-05
1.50170169376e-05
-0.000110922539441
-0.000146828384267
-8.29352694569e-05
-4.19214813952e-05
-5.41930975534e-05
3.82650265961e-05
2.36450280919e-05
1.34859222551e-05
-0.00051662643352
-0.00186131828098
-0.00045758864156
3.06519863773e-06
-0.0
-0.0
-0.0
-0.0
-0.0
-0.0
-0.0
-0.0
-0.0
-2.47707949045e-07
2.37760692627e-07
1.22116573641e-06
4.92013261415e-06
1.5495280387e-05
-8.06968954158e-05
-3.5478101731e-05
-4.02663228011e-05
-0.00249828363485
-0.00379797056729
-0.00816975611522
-0.00655072241152
-0.00332452964795
-0.0063390338078
-0.00410009483061
-0.00170999005677
-0.00344743893771
-0.00626048899902
-0.00447732404355
7.73723024475e-06
3.57403026775e-06
-0.0
-0.0
-0.0
-0.0
-0.0
-0.0
-0.0
-2.56265777904e-08
7.79797075328e-06
2.61490368483e-05
2.49445399216e-05
-0.00121683734811
-0.0025136550462
-0.00574535144396
-0.00428422015454
0.00731208602509
0.00272911183328
0.000721317218523
-0.00682778250923
0.00304677793627
-0.0107558635304
0.0016987068286
0.00463690476165
-0.00521524785469
0.00473992335314
0.00150963668243
-0.00126739692196
1.0410186742e-05
-0.0
-0.0
-0.0
-0.0
-0.0
-0.0
2.38824087728e-06
1.25107111161e-05
-0.000273389334624
-0.00219074428699
-0.00724260409482
0.00214666045787
0.00200317526216
0.000611141537661
-0.00142602445077
-0.000733798358859
0.00212958947378
0.00366554847122
0.000894436457041
-0.00133208125081
-0.000305559599878
-0.00145800047571
0.000557019277658
0.00117679736898
-0.00194167245895
0.00293504411403
-0.00488378346722
0.00560975153635
0.00910568993781
-0.0
-0.0
-0.0
-0.0
2.55639746949e-06
-0.000726159544921
-0.00334782896418
-0.0057981153025
-0.000814577355011
-0.00934930864499
0.00656378705459
-0.00565701539804
-0.00180235577229
-0.000393574815469
-0.00295060477007
-0.00284825274833
0.00436708269677
-0.00597294889655
-0.0013801337575
0.00599156160009
0.000276451663595
-0.00179834653579
0.00245569263925
-0.000571214688798
0.00693029020381
-0.00448507672594
0.000501083175294
0.00474605591743
-0.000880964278124
6.20295917046e-08
-0.0
-0.0
2.57021151109e-06
-0.00148754929458
-0.00521488982118
-0.00394382411292
0.00230607154253
-0.00510993586034
0.00476504321831
0.00333903305289
-0.000845966746926
-0.00105377991802
0.00755206470573
-0.0073485081557
0.00441196985293
0.00068375346668
-0.000202170068468
-0.00433921818783
3.86125659304e-05
0.00634143796019
-0.00130192886823
0.00175422598849
-0.00379695965766
0.00225024386657
0.00868775165089
0.000964183391533
0.0121594045243
-4.8456934733e-05
1.15958368844e-06
-3.20465166257e-05
1.46377642608e-05
-0.00124231848833
-0.00642525103016
0.0012086748783
0.00478517375721
-0.0108721918165
0.00418260323751
-0.00586293787596
0.0024079845601
-0.00222417926736
0.00166377369417
-0.00190278963069
0.00488962606775
-0.0038795106088
0.00175718154127
0.000704616521647
-0.00555116188175
-0.000753075777702
-0.00142585339267
0.000303569205946
-0.00413452403619
0.0105875321866
0.000555770592712
0.00142291061458
-0.00327511893662
-0.000190008976734
4.71234467697e-06
1.27047651399e-05
4.13493063588e-05
-0.00186189966806
-0.0060726485079
-0.00313448936514
0.00397842681825
-0.006798529453
0.00318724163721
0.00486350171321
-0.00407872502507
0.00317973960909
0.00355150567244
0.00298453671316
-0.00815790023914
0.00322468118216
-0.00189202335614
-0.000268481566538
0.00280584758064
0.00290569438891
0.000181984898733
0.00734733494852
-0.00365514052144
0.00205329376472
0.00877558838263
0.0153105517084
-0.00915701215917
-0.00278798239155
7.64832184926e-07
-5.75535803742e-06
-5.33740518725e-06
-0.000615656363326
-0.000958988474455
0.00185641173037
0.00393127365391
-0.00418810006066
-0.00242563570698
0.00592462893482
-0.00863101988706
0.00444878207857
-0.00431388227371
-0.000937054851502
-0.00177382712442
0.00062791780109
-0.00556177782554
0.00160194927487
0.00222958783561
-0.00704820450636
0.00151558684713
0.00135776649596
0.00121372063135
-0.00292588502787
0.00329150478986
0.0085786905524
0.00973358484691
-3.34682616789e-05
-0.0
-7.91599006775e-05
-4.95901247229e-05
0.000130345758118
-0.00158957868955
-0.00528166022866
-0.000530501746549
0.001761693556
-0.00225547348456
-0.00206810225805
0.0103382621788
-0.00211193238505
0.00233625466907
0.00875566994077
-0.00225367514518
0.000387284529025
-0.00440659193602
-0.00616410559802
-0.00539324464031
0.00369006624872
-0.00753720769742
-0.00923286884025
0.0155443652373
0.00022756454238
0.00666524766682
0.0379336696754
0.00206588322924
-0.0
-0.0
-3.32978003622e-06
7.61942509222e-06
9.20371046684e-05
-0.00100411011605
0.000683818757374
-0.00374661520027
1.56801318794e-05
0.0103599437991
-0.00467664792682
0.000948249748415
0.00231644611995
-0.00363181818268
0.00119489617073
0.00101267249705
-0.00309070170862
0.00252041078035
-0.00204172181062
9.21900877451e-05
-0.00656231578883
-0.0109529046688
-0.00919774549851
-0.0217702011868
-0.0108018103275
-0.00266851166991
0.0111851580777
0.000914361216898
7.73760556378e-07
-0.0
8.00774518596e-06
4.53319961819e-05
-4.25424325498e-05
-0.000141256111386
0.00398294840206
0.00315928645092
0.000183321652678
-0.00591160714269
0.00462896214706
-0.00207961319396
0.00567758375559
0.00016869477444
-0.00195427442913
0.00109520115023
0.000677405362233
0.00296765057813
-0.00396329247967
0.00141753919389
-0.00128132141337
0.00338494574779
-0.00112435886171
-0.00481544728973
-0.0109402885638
-0.00834497136275
0.00556702727698
-6.35423781247e-06
2.65286289863e-06
-0.0
9.97193122278e-06
1.98805325309e-05
-0.001085399688
-0.000242851672035
-0.00130347610998
-0.000186531473548
0.00224294837769
0.0053596604902
-0.00171364292846
-0.00645059730345
0.00562768884651
-0.00429990878432
0.00314229363334
-1.64855097654e-05
-0.00523565446649
-0.0016648897411
-0.00439507963924
-0.00143427070387
-0.00417985657067
9.12902728938e-05
0.0047805171213
-0.00749169764915
-0.00994588857789
-0.00553377974658
-0.00114675033812
2.46332273568e-06
-0.0
-0.0
4.55203482048e-06
1.11382666682e-05
-0.00135622087318
-0.00312520566607
-0.00366318668137
-0.00402083932008
0.00441671635794
-0.00706600342239
0.00929013115319
0.00410483037724
-0.00309199453396
0.00729625132655
-0.00493192895465
-0.000313454938726
-0.00198389056297
0.000679327689272
0.00380056666283
-0.00448920061755
0.00449656271871
-0.00179616090604
-0.000816034323384
0.0036648565985
-0.000463819293501
0.00826681808188
-0.00330830489794
-0.000651985799056
-0.0
-0.0
2.2572068322e-07
6.92210021491e-06
-0.00108923237952
-0.00553581267889
0.000291906271889
0.00155234500637
-0.000550187960851
0.000901578615642
-0.00732171812167
0.00659667438711
-0.00650277473867
0.00322094056869
-0.0012879943159
-0.000364504892343
-0.00137639001595
0.000843672896717
-0.00603176996041
0.00312336141883
0.0033086033256
0.0017835791722
0.000840932101024
-0.00652668094923
0.0011084917715
0.0104320360818
-0.000468920329027
-0.00187057766803
1.85884116467e-07
-0.0
-0.0
4.13711913471e-06
0.000129586011346
0.00419185355574
0.000391287011792
-0.00827075538502
-0.0118876930781
-0.00570101759507
0.00529273373685
-0.000924650379767
-0.00193963861308
-0.00421583720036
0.00306848057922
-0.00444412014258
0.00482987546304
-0.00333995732368
0.00201529328939
-0.00154065018529
-0.0059631900737
0.00208256616777
-0.00132205888558
0.00155836505711
-0.0130044652347
0.00271641106836
0.00186008607051
-0.00336630537009
3.40790193953e-07
-0.0
-0.0
8.546263282e-06
4.21917553189e-05
-0.00200914169628
-0.00446634752282
0.00453026187133
0.000620302288519
0.0079416568717
-0.0087034859315
-0.000356248536539
0.00402893851413
-0.00248538349912
-0.00280880046198
-0.00480663371558
-0.0013613034188
-0.00214624453145
0.00138614752939
-0.00061408252266
0.00110693209803
-0.00171035128978
0.000426037062009
0.00340677231218
0.00786070373822
0.00386022422374
0.00136915995254
-0.0033505016557
2.48188869464e-06
-0.0
-0.0
0.00077220696718
0.00129451624872
-0.00826649474556
0.0115846046448
0.00202113529563
0.00453067735182
-0.00496117656349
-0.00634801826176
-0.00633110185442
-0.00214094386061
-0.00256176295718
0.00142341242233
0.00102923641081
-0.00028917037812
0.000395491812197
0.00423498996419
0.00191320316806
-0.000132507917274
0.00161134317859
0.0015674880835
-0.00286106272727
-0.00755894429206
-0.00334961311917
0.00189143287159
-0.000493561237588
4.09049479369e-06
-0.0
-0.0
0.0041520344068
0.00458919090864
0.00701050608385
-0.0134841067387
0.0108867455869
0.00270888770444
0.00246482885762
0.00438299609323
0.0018303566938
0.000160646613419
-0.00150818345485
0.0036907258375
0.000311448371935
0.00582141585756
-0.00113119874951
-0.00475159063457
-0.00244936931299
0.00754076161561
-0.00152005506183
0.000249191106448
0.0031066404317
0.000290912376776
0.00709433065099
-0.00187354458418
4.71624248224e-07
1.02589980325e-06
-0.0
-0.0
0.000498566793388
0.00209289318921
-0.001461610456
0.00181277894116
-0.00907353587071
0.00102873043839
0.000910993248136
-0.000197884655522
0.00120629391398
0.0007511136398
-0.00178437430522
0.00725954649927
-0.0107545299637
-0.00400612276142
0.000975811259492
0.00425906494516
-0.00182398542563
-0.00504273729796
-0.000454968234239
-0.00114286084641
-0.00224548191932
0.00987048310881
0.00584609490061
-0.00134095818045
-1.73449803295e-05
-0.0
-0.0
-0.0
-0.000171769890979
-0.000375117373532
-0.00116348378153
0.00445965407124
0.00698092283075
-0.003622162413
0.0042247856478
0.00170123799448
-0.00552625970333
0.00893661557618
-0.00729552994787
0.00111356830826
0.00284584227968
-0.000150978331712
-0.00554793910373
0.00442686859438
-0.00754026946734
0.00481844140284
0.00184464396453
0.00199008507874
0.000756409712042
0.00263490292449
0.00145967686974
-0.00452683092033
-1.74377330447e-05
-0.0
-0.0
-0.0
1.40174914865e-05
-0.000158863830459
0.00328243838917
-0.00688020862052
-0.00297887776501
-0.000970481412473
-0.00247705157543
-0.000754534374423
-5.75224723317e-05
-0.000592866141705
0.00378028767421
-0.000528887442426
0.00498224070863
-0.000471771885327
-0.0011051719095
-0.00138125106239
0.0044058044272
0.000913952363717
-0.00596337433807
0.00716146548275
0.00461811471978
0.00135791961405
-0.00622165925263
-0.0023970422119
-1.04942224233e-05
-0.0
-0.0
-0.0
5.54148520602e-06
1.77020698133e-05
-0.00697046824411
0.00179962293503
-0.00229232275107
0.00553579367129
0.00288269138286
-0.0002982296367
0.00100908092045
-0.00524579805512
0.00804896804183
-0.00528203972601
-0.000568643481976
0.00326571176876
-0.000388244900164
0.00307603087549
-0.00741431887051
-0.00209037729823
-0.00151501168893
-0.000666775942147
-0.00173405756577
-0.000308423268509
-0.000265487370061
1.19956571004e-06
1.63486695201e-06
-0.0
-0.0
-0.0
-0.0
2.31451158834e-05
0.00093935385171
0.00214523170969
0.0071249125923
-0.0129047629783
0.00194645783033
-0.00184522823147
0.00291114689944
0.000595069913608
0.00339478582355
-0.00205866025118
0.005297518641
0.00107571942563
-0.00179625886882
-0.00303556026446
0.00869612780441
0.00074882293814
-0.00330913665976
-0.00278443984187
0.00311853463611
0.000277416789183
-3.26947424383e-05
-0.0
-0.0
-0.0
-0.0
-0.0
-0.0
7.24968938846e-07
8.32768286026e-06
0.0020044771937
0.00525025979455
-0.000327910353868
-0.00260226629755
0.00538372463596
0.000912360338728
-0.00815673369533
-0.000686099041372
0.00558921965281
-0.00381451268017
0.000189127417499
-0.00120487348678
0.00351608511514
-0.00360046395128
-0.00257076102789
-0.00505763087112
-0.00610917748723
5.2821625985e-05
1.84044567565e-05
3.25947490215e-06
-0.0
-0.0
-0.0
-0.0
-0.0
-0.0
1.20320657724e-06
1.38511854018e-05
3.03285654326e-05
0.000100845904919
0.000257425577265
0.000452707582019
0.000642628721683
0.000794991573985
0.000580310655913
-0.000498326706613
-0.00144275901586
-0.00515420420013
0.000855743490041
0.00590634064438
0.00503828393521
-0.0040458222599
0.000120209906109
-0.000722160431197
-0.00579784332733
-0.00185735471281
-1.79636126302e-05
-0.0
-0.0
-0.0
-0.0
-0.0
-0.0
-0.0
-0.0
-0.0
4.41044886586e-06
1.14397157759e-05
2.86450822324e-05
3.67975968257e-05
4.19613509278e-05
6.91983078856e-05
7.58650069589e-05
0.000119259815682
0.000135040473873
0.000109256255558
5.13857224482e-05
3.58928782461e-05
-3.96178876764e-06
-1.39217210712e-05
1.66325360191e-05
-0.00024916754375
-0.00445092656792
-0.00283190182297
-0.0
-0.0
-0.0
-0.0
-0.0
-0.749950334136
