-0.0
-0.0
-0.0
-0.0
-0.0
-0.0
-0.0
-0.0
-0.0
-0.0
-0.0
-0.0
-0.0
-0.0
-0.0
-0.0
-0.0
-0.0
-0.0
-0.0
-0.0
-0.0
-0.0
-0.0
-0.0
-0.0
-0.0
-0.0
-0.0
-0.0
-0.0
-0.0
-0.0
-0.0
-0.0
0.000148599917672
0.000567692338298
0.000831893276378
0.000441137565545
9.13472786482e-05
8.84754765759e-05
3.82307681622e-05
0.000185701391806
0.000179822643349
-0.00171037947212
-0.000178948921487
-6.98104207769e-06
6.20847786064e-06
4.36485480662e-05
9.15651899572e-06
-2.47612829064e-06
-0.0
-0.0
-0.0
-0.0
-0.0
-0.0
-0.0
-0.0
-0.0
-2.70233878701e-06
2.86452257345e-06
1.45770662801e-05
-0.00031472812194
-0.000368653682978
0.0040223857235
0.00243653178509
0.000457431460999
-0.000822416114755
0.00117603740135
0.000413512108217
0.00317649121279
-0.00103396850181
0.00163894926368
0.00166609185262
0.00278641006503
0.00115818042025
0.00177322789518
0.00134253094121
-1.03261432711e-05
-7.13150546577e-07
-0.0
-0.0
-0.0
-0.0
-0.0
-0.0
-0.0
-2.79552513254e-07
2.40685723565e-05
-0.000251325184019
-0.000289367977964
0.00278034125705
0.000844268000866
-0.000106151644312
-0.00102597830106
0.00095121658743
0.00016967252155
0.00118920484736
-0.000409889637854
0.00228286626372
-0.000883722649914
0.00106119985523
0.00223180490858
0.00203628723623
-0.00191151766447
-0.00256842494316
-0.00225835653218
-0.00290564022506
-0.0
-0.0
-0.0
-0.0
-0.0
-0.0
3.72442271008e-06
2.48272416827e-05
0.000338332555733
2.41623826532e-05
0.000355735331093
0.000771026937573
-0.00091685620779
0.000524859710721
-0.00183476564615
-0.00250551335035
-0.00245722000271
-0.00156474865774
-0.000767653058847
-0.000785519428585
0.00122547791077
-0.00140586109885
-0.00149661886587
0.00194968791339
-0.00213024980119
-0.00109249886665
-0.00154291275511
-0.00280876021544
-0.000188498261017
-0.0
-0.0
-0.0
-0.0
3.22939883847e-06
3.45188433346e-05
7.80460392047e-05
-0.000569576897213
-0.000474233004089
0.000549830123484
-0.000403040839626
-0.000916429129033
-0.00034179983089
-0.00112590402296
0.00142516892569
-0.000597227441038
-0.00256488315179
0.00104140253732
-0.00188533755364
-0.00247913366061
4.7838189642e-05
-0.000459749384745
0.000842889264091
0.0017378612279
0.00202581400316
-0.000837930239406
-0.00264004721039
0.000907555219335
0.00118974652153
-1.7705484734e-06
-0.0
-0.0
3.45023208054e-06
1.56421064753e-05
-2.18217775779e-05
-0.00140292648345
0.00138409343648
-0.00135493733631
-0.000805666225067
0.00113533817446
-0.000326290973817
-0.000725388658656
-0.0022347799081
0.00261353115718
-0.000354883071564
0.00071906475629
-0.00186353817727
0.000433441435139
0.000354431344803
0.00155761033643
-0.000368077779684
-0.00437402976709
-0.00237431679685
0.000740333049151
-0.000268001426471
0.00144484120398
0.00405203179658
0.00399243204086
3.1061414539e-06
2.07002445251e-05
2.47461657019e-05
-0.00016136832209
-8.66517699093e-05
-5.11055450101e-05
-9.77533637438e-05
-0.00177074916023
-0.00345327076066
0.000593364319962
0.000156466560731
0.00106830589459
-0.000739018841313
-0.00533095342089
0.000183753370108
-0.00104016037541
-0.00151634622631
-0.000762187991157
0.00103311741785
-0.00585766041098
-0.00111361234412
-0.00123397439925
0.000775942481959
0.00024143411285
0.000591396708309
-0.00116979790786
0.00251127682455
0.00276104839608
1.26228186635e-05
2.83360143468e-05
7.82531158127e-05
9.39947891602e-05
0.000365427981813
0.000772546018324
0.000995137661744
-0.00177431456521
0.000475139164517
-0.00136438736832
-0.00219215530831
-0.000143470710449
-0.00042170400581
0.00179580186392
0.000845399239638
-0.000427048079647
-0.000886503882193
0.000179392258926
-0.00519328346221
-0.0019751593527
-0.00169852126934
-0.00173668633139
-0.000865048181
-0.00381365848206
-0.00463128107965
-0.00172331263912
0.000857090513808
-5.88152674864e-05
2.04872993825e-06
2.2046682219e-05
7.73394977072e-05
0.00013724175094
0.000407168359666
-0.000420501211728
0.000415812549436
-0.00143844243996
0.0034783901911
-0.00289983786378
0.000336298860222
-0.000779746807867
0.000656701091418
-0.00203940933591
-0.000986427288049
-0.00163438605786
0.00105250903467
-0.00460617214117
-0.0021410566103
0.00222074517119
0.00178384183242
-0.00231499958952
0.00222097929915
-0.000759733700766
-0.00573206702323
-0.000341285348373
-5.50560163315e-05
2.19910437282e-06
-0.0
1.8584692454e-05
6.58251480048e-05
8.72260050851e-05
8.58699937999e-05
-0.00139332385011
-0.000832167854291
-0.000232572564717
-0.000947779529837
0.00139392553977
-0.00178512071183
-0.0022452358425
-0.000201015085779
-0.000635285793404
0.00045794485329
-0.00401988655637
-0.000971642971213
-0.000835921130304
-0.00151188987291
-0.00197059088641
-0.00129043160649
-0.00234663034385
-0.00249255041242
-0.00149192100745
-0.00373971528096
-0.000176918759359
9.3975459688e-06
-0.0
-0.0
1.75261320438e-05
0.000109243241598
2.87562984126e-08
-0.000927140501253
-0.0014329751279
0.00191683577511
-0.00446314502488
-0.000260299420544
0.00334730782946
0.000119861111343
0.00101966513675
-0.000862723568973
0.000997194182086
0.00206592318177
-0.00216572725136
-0.000792622591444
0.000544326379804
-0.00030201264778
0.000606378982854
-0.00356355011949
0.00296978477305
0.000245186079752
0.00190537876489
-0.00081341379244
-0.00144435534102
-2.04795627003e-05
1.4457846793e-06
-0.0
1.25304960504e-05
7.76590521682e-05
-0.000104143215797
-0.00105973633278
0.00171902098747
0.0024144821373
0.00147327135005
0.00144594741074
0.000356308452084
-0.000656559399524
0.00139581081731
0.00233076350253
-0.00161262527923
-0.00108041231949
-0.000243819955659
-0.000845390108016
4.96719117654e-05
-0.00179058715019
-0.00129178606821
-0.00177828173264
-0.000581915353993
-0.000875191227737
0.00120585064504
0.00206959115487
-0.00211003619184
-0.00192460758657
4.95697907341e-06
-0.0
2.42293658189e-06
2.48702765873e-05
-3.34432694454e-05
-0.00104127255587
0.00257037173172
-0.00145550310809
-0.00209336646146
-0.000262293091226
2.29545056593e-05
0.000681216256083
-0.00200434557171
-8.10724201161e-05
0.000296331566414
0.000542646710272
0.000152752460447
-0.00127206539767
0.00127750023525
0.00117650411049
-0.000870137303918
0.00177917533471
0.000358791296941
-0.000402110062472
-0.00209964704182
0.00281147556133
0.000957192000776
-0.00106304720562
-0.0
-0.0
3.30242414504e-07
3.08431520349e-06
8.6073898236e-05
-0.00136631950167
0.00379262453859
-0.000212200866194
0.00296697621764
0.00303252249505
-0.000164088386289
0.00150428107391
0.000259766921766
0.00201041204114
-0.000937118437369
0.00230354674509
0.00198618435472
-0.00291861562664
0.000269317497016
-6.9741354531e-05
-0.00288917718648
0.0043986658573
2.08076921001e-05
0.00487426099666
-0.00135725393668
0.00194841707454
0.0044556967121
-0.000432360576506
-0.0
-0.0
1.63756368897e-08
5.02185999023e-07
3.98596903953e-05
-0.00224139096552
5.46214921561e-05
0.00128331461121
0.0001048672667
-0.000292794896785
-0.00026649500942
0.000413694382908
-3.53735240358e-05
-0.000785571096978
-0.000616418336087
-8.66022742532e-05
0.00206237561886
0.001078800186
-0.000424281846946
0.00165696567996
-0.000492055827024
-0.00170990324078
0.00169336984195
-0.000254339185268
0.00074216418277
-0.000912232194073
0.00189786616337
-0.00128409868353
1.41095683406e-08
-0.0
-0.0
1.3923003601e-05
9.89003717382e-05
0.00061118889476
0.000262729789304
0.000384309636098
-0.00414367140076
-0.000706400499974
0.00228763981208
0.000224000206102
0.00142995200131
0.000643731948142
-0.001210232886
0.00123683826314
-0.00467082407216
0.000145416177085
-0.0023154604215
0.00105400019203
-0.0020644109575
4.98909756025e-05
-0.00238142145476
0.00265066107579
0.000869764770298
-0.00257107377027
-0.00016674236606
-0.00224077192781
2.58629176444e-08
-0.0
-0.0
9.69821806445e-06
0.00019928154003
-0.00267194534276
-0.00102276223653
-0.00103888117478
0.00134534222934
0.00278120493904
0.00210122981175
-0.00102109359933
0.00413570114398
0.00167911827781
-0.000748543582171
0.00222057302116
-0.00128084060051
0.00119073222597
0.000646165173282
-0.000916883827269
0.00178062343768
0.00335291660907
0.000505894249576
0.000236394584215
0.000550262484127
-0.0040367278264
-0.000947700460799
-0.00246499019768
-0.000184794968253
-0.0
-0.0
-5.39806112428e-05
0.000308330364136
-0.000426423980015
0.00143034056559
-0.00299848702246
0.00116858110542
-0.000179615404234
0.000134821353635
0.00115943857012
0.000361777457382
0.000119819269615
0.000712513795303
0.000459342612716
-0.00042133815425
0.00192478492882
0.000756905562711
0.000563563551302
0.000815659127358
-0.00287515389026
-0.00215128096901
-0.00121324369784
0.00109078500389
-0.000549309163818
-0.000510288022859
-0.000383419038623
-8.2361485146e-05
-0.0
-0.0
1.3086285875e-05
0.000386909804547
0.000188941444873
0.00173117070519
-0.00178071884048
-0.00225859641938
0.000701855046554
0.00118296138463
0.00240718825174
-0.000183327267626
0.00256158552571
0.00127661838936
0.000251203156094
-0.000645223220799
-0.000350659860381
-0.000261662165782
-0.000401733938182
0.000290953417492
0.00201769964872
-0.000870425720029
-0.00110483989153
0.00179506467071
-0.000474209133611
-2.95490867963e-05
-3.28467305396e-05
-7.09787573599e-06
-0.0
-0.0
7.3198892063e-05
0.000353865476159
0.00117861332272
-0.000704571447476
1.88217885788e-05
-0.000344108056843
0.00129213877006
-0.00128806278529
0.00135266572775
0.00029464703052
0.00230091040158
-0.000200210477787
0.000586911035626
0.00265438058018
0.00112254669661
-0.000295847331416
-0.00146970016316
-0.000948693867418
-0.00161726753874
0.000169734357487
0.00103570487916
-0.00064840586148
-0.00201557461807
-4.7652162929e-05
-0.00015743440152
-0.0
-0.0
-0.0
7.02095087636e-05
0.000212221207804
0.00121968375665
-0.00116499902775
-0.001246431106
-0.000384773403864
-0.00100995590697
0.00157969780689
-1.35332187052e-05
-0.000918626689005
0.00214656890459
3.51293350871e-05
0.000846156412929
0.000319635227596
-1.19622394235e-05
0.00198213703344
0.00463541584773
0.00258743743509
0.00106531856009
-0.00297232942936
-0.00171009214263
-0.00208613336669
-0.00127087108052
3.71215826766e-05
-5.54186949855e-05
-0.0
-0.0
-0.0
3.85192156552e-05
8.05138358361e-05
0.000610712437666
-0.000147814995593
-0.00164917602374
0.00115558436373
0.00513009509955
-0.000806404044901
0.00298436679701
0.00134186203991
0.000539158466348
0.000105760242909
-0.000208387153532
0.0036824629376
0.000211902754996
-0.00201203875351
-0.00219299495244
0.00114123970158
-0.00085023280479
-0.000869364338206
-0.00101891446797
-0.00113915751722
-0.00123990633972
7.46790586219e-05
-1.48980905461e-05
-0.0
-0.0
-0.0
1.14945149903e-05
7.17269816482e-05
0.000294546804517
0.000534812449115
-0.00092118751264
-0.00219914490137
-0.00107277667321
-5.50292500855e-05
-0.00362292425909
-0.00160533865774
-0.00131459760926
0.00153205443428
-0.00122634645241
-0.000885066513709
-0.000926913364622
0.000136593532293
0.00339853710661
-0.00158650386416
0.00107137040011
-5.37656708626e-05
-0.000563960870296
-0.000415962356951
-0.000162217189103
2.06542471429e-06
7.60847240758e-07
-0.0
-0.0
-0.0
-0.0
4.92852359652e-05
0.000193030190801
0.000478972735817
-0.000915939688245
0.000186837211023
0.00175897117466
-0.000430282971315
-0.000395175155408
0.00033153513944
-9.44911016157e-05
-0.00380606258829
-0.00451951046368
-0.000563721157538
-0.00150183794948
-0.000140985682777
-0.00102730730956
-0.00209194767312
-1.1320523308e-05
0.000431667051765
0.000248317197383
5.36651079911e-05
1.08262590566e-05
-0.0
-0.0
-0.0
-0.0
-0.0
-0.0
2.50607365329e-06
3.70422654312e-05
0.000142518890219
0.000354083815484
0.00096208679723
0.00174773022752
0.0014921481171
0.00155439409877
0.00217851515698
0.00220111658795
0.00166101979597
0.000889885553827
0.000721441798626
-0.000107035139828
0.000812767268175
0.000409200079802
-0.000898281105229
-4.82174625153e-05
0.000233953948512
0.00010605781549
1.93613237219e-05
9.35713788489e-07
-0.0
-0.0
-0.0
-0.0
-0.0
-0.0
1.28590794331e-06
1.84679207056e-05
3.18431738938e-05
0.000167322116119
0.00048192874833
0.000943444943423
0.00108369277543
0.00111012606477
0.00112187012437
0.000882690180093
0.000945716058956
0.000424527473619
0.00063439534092
0.00076746231748
0.000483441497835
0.000274861087544
0.000221206190274
0.000166254076558
7.41724312074e-05
3.5171260051e-05
1.31662654215e-05
-0.0
-0.0
-0.0
-0.0
-0.0
-0.0
-0.0
-0.0
-0.0
8.83624929278e-06
2.18965721135e-05
4.56080203435e-05
5.40076307009e-05
3.57028718563e-05
1.11820597358e-05
4.46038536918e-05
0.000173408652287
0.000218578918999
9.82199770781e-05
0.000148977962968
0.000135854302232
7.57140846888e-05
4.02880262585e-05
3.04268393712e-05
1.57547744436e-05
-1.19702145189e-05
-6.97457887305e-06
-0.0
-0.0
-0.0
-0.0
-0.0
-2.17280223015
