-0.0
-0.0
-0.0
-0.0
-0.0
-0.0
-0.0
-0.0
-0.0
-0.0
-0.0
-0.0
-0.0
-0.0
-0.0
-0.0
-0.0
-0.0
-0.0
-0.0
-0.0
-0.0
-0.0
-0.0
-0.0
-0.0
-0.0
-0.0
-0.0
-0.0
-0.0
-0.0
-0.0
-0.0
-0.0
2.65973196706e-06
8.69173348577e-06
1.14458585451e-05
7.17282580713e-06
9.46185930692e-06
7.57741092094e-06
9.84777305633e-06
7.25897848402e-06
1.87818883326e-05
2.97816431902e-05
1.59789119079e-05
7.62117816351e-06
7.98679738648e-06
1.30575759764e-05
7.05620430254e-06
3.52383297473e-06
-0.0
-0.0
-0.0
-0.0
-0.0
-0.0
-0.0
-0.0
-0.0
1.6950032487e-06
5.22273759524e-07
1.60844749483e-06
5.74289266109e-06
2.53765413533e-05
4.54896133949e-05
7.62014973812e-05
8.36095643855e-05
0.000117957758763
0.00018134451981
0.000250280432513
0.000292552007998
0.000444973592246
0.000457563745963
0.000351640124952
0.000273265777378
0.000152588512882
6.9621107577e-05
2.08402754187e-05
6.69367167757e-06
2.86641260172e-06
-0.0
-0.0
-0.0
-0.0
-0.0
-0.0
-0.0
1.75346605121e-07
6.84063615752e-06
2.72872894064e-05
4.29452129847e-05
0.000102449600312
0.000144280550558
-0.000183218509033
-0.00141742935405
-0.00194045525717
-0.000991805229243
-0.00181313616734
-0.00042243778085
0.000285001388339
-0.000155312140587
0.00102457256873
0.000778268131075
0.000433319180981
0.000207303212226
9.99710245675e-05
3.76486361258e-05
1.46326448604e-05
-0.0
-0.0
-0.0
-0.0
-0.0
-0.0
1.39895392587e-06
9.98205075305e-06
5.01880812048e-05
9.25827932899e-05
0.000172971882301
0.000248246632352
-0.000124855491767
-0.00181893318775
-0.000683583426503
-0.00148757357521
-0.00102543090986
-0.00278854393549
-0.00405174505634
-0.000461126285464
0.00145597800576
0.00342199446937
-0.000209508808987
-0.0012587831842
0.000889172345197
0.000492148516514
0.000243253210366
7.50655290131e-05
-2.20884422332e-05
-0.0
-0.0
-0.0
-0.0
-8.67261577502e-06
5.8245506577e-06
4.50224467112e-05
-0.00104023972181
-0.00261849673909
-0.00329974911142
-0.00165329786886
0.0023785023244
-0.00144311916495
0.00266004829875
-0.00154543579809
-0.000888893518059
0.0021602022703
0.00310458201718
-0.00305592678322
-0.0116841678234
-0.00536654960426
-0.00162689555926
-0.00208678666945
-0.0046100210004
-0.00566642281954
-0.00285117010104
0.00013262730615
-5.48137766007e-05
1.13826024615e-05
5.27551542368e-07
-0.0
-0.0
-4.32210040043e-05
-0.000114358398613
-0.000960787370893
-0.00251361906524
-0.00297296593292
0.00188422333113
0.0039984870766
0.00503617857342
0.00081572774819
-0.000707340769524
-0.00162430880187
0.00130170034773
0.00443463742887
-0.00376302283703
0.00485606284919
0.00123765919681
0.00072233318274
-0.00245149974354
-0.000113402763132
0.00126087229206
0.00352980510792
-0.0030486061354
0.000217627739634
4.29662752853e-05
2.05927603634e-05
1.03170118222e-05
-4.05529356547e-07
-0.000364295668872
-0.000788441091246
0.00140979464981
0.00224704057992
0.00318131097271
0.00249125032559
0.00725522626632
-0.00690758319316
-0.000294940289211
0.00167708217389
-0.00205727480918
0.00528254666298
-0.00320409036703
-0.00270154493084
-0.000737120791824
0.00131182300114
0.00179712114743
0.000175324757497
-0.000271572127414
0.00263870510475
-3.53204881218e-05
-0.00230197339803
-0.00371776876563
-0.00238030100616
-0.00286612127108
-0.000882022516166
6.65517221678e-06
-1.6480274973e-06
-6.49237701711e-06
-0.000396742314721
0.00136473447553
-0.00270224216937
-0.000522915789176
0.00490508967015
0.000530391886892
0.00210007733256
0.000885305715981
0.00326172912134
0.0016454397519
-0.000490819124916
0.0034851193427
0.000322659297719
0.00590836276292
-0.00100287355098
-0.00162873127713
0.000737935410099
-0.00185381481139
-0.00021786078969
0.00227038066497
-0.00039326566019
-0.00334192263779
-0.000676391702242
-0.00435762073209
-0.00176019887035
-6.24767970449e-06
-2.67479536941e-07
0.000629581212245
2.83329404117e-05
0.000818497910569
-0.0010540342136
0.00283193360758
0.00220448407569
0.00124731759056
0.00541603613368
-0.00404081073686
0.00168739947742
-0.00104603455254
0.00599553434662
-0.00634353485801
-0.00153217255511
4.65136527667e-06
0.00326219688485
0.00113242953598
0.00459102403242
0.00367777272348
-0.0030844955278
0.00262612234729
0.00313408655487
-0.00164163750812
0.00145913460407
-0.00250810364999
-0.00029337267964
-4.04112557929e-07
-0.0
6.65504471036e-05
0.000144552865127
0.00286448808626
0.00503962314471
0.00331892772338
-0.00412060023775
0.000366545607466
-0.002871924291
0.00319139774145
-0.00254805725381
-0.00019053156903
-0.00703891186536
0.0128029786049
0.000457078270182
0.00122219364734
0.00249558434262
0.00226841080096
-0.00526640601991
-0.00111536242367
0.000446441938635
-0.0034168789026
0.00176593307748
0.00658252681817
0.000776196243437
-0.000732690871895
-0.000164807297307
-0.0
-0.0
6.5851492423e-05
0.000139705038273
0.00477105625702
0.00332734364068
1.03191009229e-05
0.000947201003927
0.00307476121859
0.00899976542068
-0.00224621321819
0.00477033650207
0.00333697486548
0.00356840424919
-0.00309888729445
0.000435619464762
0.00267585381053
-9.5148635448e-06
0.000967528256325
0.00630741543583
0.00196161749064
0.00041310560107
0.000674378161016
-0.00298073090003
0.000399378567597
-0.00337819595378
-0.000564306922276
-7.36122276526e-05
5.81507061795e-07
-0.0
7.00808922761e-05
0.000971972174015
0.00484972774971
-0.000232427459284
-0.00671062124033
-0.00762130727797
-0.00250762758258
0.000777277143886
-0.00263502203977
-0.002973278202
-0.00179260470801
-0.00176720229118
-0.00189542962521
-0.00138673750895
0.00242595919243
-0.00251625241876
0.000510351406571
-0.000288972104479
0.000250328826923
0.00466954763699
0.000270592314896
0.000242572686544
-0.00590066577141
-0.00314296069014
-2.94815562569e-05
2.14626597383e-06
1.9937426537e-06
-0.0
8.64606699602e-06
0.00248455936757
0.0027377376186
0.00749311404055
0.0019236914372
0.00362571120056
-0.00313417570197
-0.00719397019855
-0.00101811563224
0.000395963475009
-0.00536747334765
-0.00182154466337
-0.00157990280487
-0.00488996620949
-0.00111440307228
0.00306814250451
-0.00105178726812
-0.00138536415892
-0.00728369191724
-0.00335774743928
0.00290529920944
0.00503483813726
-0.00580504207087
-0.00153499184079
-0.00335703739597
-0.000198682176245
-0.0
-0.0
-6.80762829389e-07
0.000433897704926
0.00185927852248
0.000228060239703
0.00136333389879
0.00431139612017
0.000926539268229
0.00162748486644
0.00326845175785
-6.79361710492e-05
0.00612576537067
-0.00790564107383
0.00178578209248
-0.000475515436024
-0.00385686201945
0.00343729771702
-0.00207353443488
0.000273518791595
0.00219530150529
0.00278734264051
-0.00359555304643
-0.00363798715848
-0.00297782749554
-0.00150699919385
0.00509144444533
-0.000237138643578
-0.0
-0.0
-3.37567682113e-08
-1.03520658155e-06
-0.000464086124222
-0.000308742227028
-0.00603908773044
0.00142276052399
-0.00262220660251
0.000200571384489
-0.00242930316776
-0.00369924234148
-0.00368386605621
0.00217515903445
-0.00704603553338
0.00314891297442
-0.00472905173224
-0.00587404985321
0.00573470045914
0.000406976534167
-0.00267030127824
0.000611572250193
0.00485641628192
0.00142987902018
0.00112127634671
0.00219470883125
0.00180691034732
-0.000235934849412
6.49677700065e-08
-0.0
-0.0
-2.1773444445e-06
-0.000387701341143
0.00467721642785
0.000342780012746
0.00523895555144
-0.0006245870302
0.00409069334173
-0.00190669686055
0.00375363781253
-0.00102458256866
-0.00198098587882
0.000144859571343
-0.000994850782164
0.00248648854353
-0.000224458604601
-0.00455787572677
0.00655835928157
0.00206302029638
0.00263891846914
-0.00296891610761
-0.000416364607919
0.00339072674124
-0.00437929893808
0.000115121488956
-0.000132227622623
1.19106711358e-07
-0.0
-0.0
-1.55426924245e-05
7.79539880351e-05
0.00230988126739
0.00119073645444
0.00120353902124
0.00186391094827
0.000272558069206
-0.00903811421415
0.00244485665898
0.000603811066761
0.00109964522456
-0.00076895843333
-0.00205955953521
0.000357694395608
0.000819402578623
6.75719598879e-05
-0.00167828375783
-0.00562132106917
0.00305951533916
-0.00232624487148
-0.00897747843935
-0.00291438649113
-0.00292394058981
0.000264750107314
6.15500219025e-06
1.72037559465e-06
-0.0
-0.0
1.99099040962e-05
-0.000195547847123
0.00181942662089
0.00254692112519
-0.00458180082081
-0.00361860525637
-0.00221050908668
-0.00189310142823
-0.00142300338883
-0.00293455371101
-0.000747962428769
-0.00127970902154
0.00707165559106
-0.00148570840935
-0.00233929289005
0.00105717375451
0.00298535998931
-0.00225407823838
-0.0018475458707
0.00215936443088
-0.00248165391894
-0.0019081888033
0.00721225530779
6.71646951088e-05
4.1293908756e-06
-7.25160267258e-06
-0.0
-0.0
8.90770339182e-05
-0.000979655242184
-0.00372697348354
-0.00185045510636
-0.00238012806275
-0.0026798878044
-0.00592483494734
0.000736729047065
-0.00350162608488
0.00352517266285
0.00107004716873
-0.00085056753095
-0.00741562518272
0.00296387074592
-0.000139178359565
-0.00488847770631
0.00141113619724
-0.00281345840406
-0.00265081823305
-0.000108853839319
-0.00571127986907
-0.00255840493216
0.00236613359382
5.54852526274e-05
2.55577700429e-06
-4.76098433294e-06
-0.0
-0.0
4.03674609889e-05
-0.00199352149577
-0.00135167333537
-0.00423301232005
-0.00331838753952
0.000344427373547
-0.0004407020965
-0.000122950668103
0.000408361804792
-0.00239321012176
0.00564043775502
0.00026310783895
-0.00163546155131
0.00516020996699
-0.00297976424977
0.00163001474684
-0.000941880957847
-0.00462792588571
-0.000830294743502
-0.0012148670686
-0.00450647469171
-0.00402232045441
-0.00114315679547
5.79348679163e-05
6.44670961052e-06
-0.0
-0.0
-0.0
2.59673874663e-05
-0.00170392672123
0.000129853263815
-0.000656243262483
-0.00158090746737
-0.00421962374013
0.00229994142412
0.00167581874958
-0.00287584379612
0.00230452239219
-0.00112644138001
-0.00117057630982
0.00168143424377
-0.00671316924241
-0.0033871583132
-0.0020766322271
-0.00235811577904
-0.000573517083655
-0.000513809479421
5.8861897826e-05
-0.00104549050765
-0.000997793371302
8.00474403027e-05
3.77153894652e-05
-5.7478072338e-06
-0.0
-0.0
-0.0
7.22164365464e-06
-0.00180182436742
-0.00221920486706
0.000237133420439
-0.000726165800923
-0.00294094987086
0.00159510784697
0.00296820214026
-0.00150667106065
-0.00283381231998
0.00280064853066
0.00030440853616
-0.00271029708321
0.00399047334467
0.00833985306183
-0.00268515000817
-0.00277193401355
-0.000787549540506
0.000287223213642
-7.64824829325e-05
-0.00391585415492
-0.00163877221937
9.67262387703e-05
2.30743925117e-05
-6.2680703653e-06
-0.0
-0.0
-0.0
2.96807506708e-06
3.44829349249e-05
-0.000627985332578
-2.03267351181e-05
0.00185102263508
0.0034968301809
-0.00542039043319
0.0004403922065
-0.000692446407035
-0.0027711439574
0.000387058346903
-0.000717173959281
-0.00105834111349
-0.00698940997364
-0.00140773348266
-0.0034720140911
-0.00305272924869
-0.00355621434616
-0.00278670637185
-0.00323384017462
-0.00403355650568
-0.00344966128829
5.75940629188e-06
-6.12122209181e-07
-5.55923942351e-06
-0.0
-0.0
-0.0
-0.0
2.47889190317e-06
-0.00024028800698
0.000239015283013
-0.000525583650324
0.00135676714543
-0.00272550495956
0.0035197473213
-0.00052695155724
0.000710017166983
-0.00321740150082
-0.00348196160965
-0.000874204323955
0.00686668914523
-0.0032405398208
-0.00044020024552
-0.000948162724968
-0.00258019004785
-0.00444682232377
-0.000616272062844
-0.00294999435023
-0.00145646822656
4.78085414585e-06
-0.0
-0.0
-0.0
-0.0
-0.0
-0.0
2.81497306743e-07
-0.000176436498169
-0.00154306986783
-0.00244101001868
0.00751282623501
-0.00410128855828
0.00362713916484
-0.00586446302022
0.00274158248634
0.0022825006633
-0.000179849357194
0.00679340277087
-0.0065975124199
0.00181966051351
0.00370802221454
0.00114379178085
0.00326032824702
-0.000950713791485
0.00144877767285
-0.000716940784952
-0.000669463626333
3.11855003884e-07
-0.0
-0.0
-0.0
-0.0
-0.0
-0.0
-2.9380735587e-07
-0.000512467318926
0.00385667769228
-0.00142678628557
-0.00064485707807
0.00288509793031
0.000643762971005
0.00331248537289
0.00126743204139
0.00356863890914
-0.00231878185622
-0.00149267784592
-0.000932587952173
-0.000874876256218
0.00203664710577
0.00343517414372
0.0103054783359
-0.00287945372384
0.000878107115717
0.000732106235678
-5.07043319322e-05
-0.0
-0.0
-0.0
-0.0
-0.0
-0.0
-0.0
-0.0
-0.0
2.13487183412e-05
0.000283292062943
0.00240879382932
0.00121620158438
-8.41243715769e-09
2.5567700677e-05
3.88737080737e-05
0.000939711714695
0.00392252371597
0.00414604909233
-0.000435371586758
0.00449429890707
0.00143006587131
-4.71085069268e-06
-0.000965780540367
-0.000842155606682
0.00146711697778
0.00123660402068
-0.0
-0.0
-0.0
-0.0
-0.0
-1.32150355381
