-0.0
-0.0
-0.0
-0.0
-0.0
-0.0
-0.0
-0.0
-0.0
-0.0
-0.0
-0.0
-0.0
-0.0
-0.0
-0.0
-0.0
-0.0
-0.0
-0.0
-0.0
-0.0
-0.0
-0.0
-0.0
-0.0
-0.0
-0.0
-0.0
-0.0
-0.0
-0.0
-0.0
-0.0
-0.0
2.19788201421e-06
7.46213426272e-06
1.01139426908e-05
3.669092709e-06
2.47481700647e-06
4.78680738691e-06
1.07963333223e-05
7.33008386517e-06
1.29228404273e-05
2.21383307985e-05
1.24942454328e-05
6.80833602139e-06
5.79398347613e-06
8.60411758176e-06
4.37558485252e-06
2.17497598566e-06
-0.0
-0.0
-0.0
-0.0
-0.0
-0.0
-0.0
-0.0
-0.0
1.18045875423e-06
3.84417090745e-07
1.21612127765e-06
4.75235262308e-06
2.13881821807e-05
3.65240695428e-05
4.62411540863e-05
5.32070480968e-05
9.04711076721e-05
0.000133028803988
0.000161888760565
0.000210825442349
-0.00173910133929
-0.00600520023562
-0.00345750248085
0.000224316308194
0.000119478683696
5.30043177181e-05
1.32944782895e-05
4.31995697428e-06
1.96418042951e-06
-0.0
-0.0
-0.0
-0.0
-0.0
-0.0
-0.0
1.2211642289e-07
6.13119494793e-06
2.28036074996e-05
3.14658259246e-05
7.32161784826e-05
0.000126768294545
0.000227760099997
0.000374547967429
-0.0245495426887
-0.00995775849153
-0.00786301161366
-0.00780335235384
-0.0134232111183
-0.0129895499739
-0.0029213749564
-0.0014729141841
-0.00290881877167
-0.000887599573742
7.85525210369e-05
2.63674048939e-05
9.85317132154e-06
-0.0
-0.0
-0.0
-0.0
-0.0
-0.0
1.43522538758e-06
9.34572087956e-06
3.76058263302e-05
5.69729611245e-05
0.000127966118563
0.000293033285658
-0.0164757945067
-0.00901712209592
0.00901494854876
-0.0141444683174
-0.0054179982576
0.00892194006782
-0.00183341614752
0.00863659321108
-0.030052269078
-0.0237633023426
-0.0423691477063
-0.00416149622986
-0.000182748137579
0.000258629986254
0.000173734348681
7.02235877531e-05
6.91807471449e-06
-0.0
-0.0
-0.0
-0.0
1.57982012971e-06
1.15432239949e-05
3.92452768632e-05
4.24340725913e-05
-0.000123865465854
-0.00409341304335
-0.0192084949872
0.0161389522478
-0.0172510226764
0.0114547900584
0.0120314241974
-0.00861907903108
-0.00304381538723
0.00710781096391
-0.0150321642945
0.0124084875029
-0.0346914803651
0.0339668072505
-0.00240419237954
-0.0446521655717
-0.00957830409895
-0.0145801942764
-0.0122429324182
5.8654706842e-05
1.0717702684e-05
4.12506590602e-07
-0.0
-0.0
1.30576550504e-06
2.72024696379e-05
-0.00208498651159
-0.0180838637958
0.00553791143599
0.015576850081
-0.0132782624321
5.11202249456e-05
0.0124253519881
0.00251953105588
-0.001608212784
0.00313451895082
-0.000263893571475
0.018974118076
-0.00200798680479
0.00894445045088
0.0130955466466
-0.00723404154382
-0.00102068167845
-0.00832983534032
-0.0259216351391
-0.0274051323511
-0.00678028231597
-2.00984347436e-05
-0.000160111369291
8.93150839029e-06
5.58661659206e-07
1.18183415717e-06
7.54605706277e-06
-0.000125712888421
-0.00834292559106
-0.01313151844
0.00725158470134
-0.0231986782087
0.0127755901383
-0.0313813969338
0.00813606741333
0.0144020310395
-0.0153698204341
0.0164180342353
0.0102079565488
0.00945903193611
0.0179288970638
-0.000970914740562
-0.00757094694927
0.00371610192798
-0.0143206193149
0.0173162906144
0.0168097519773
-0.00578109964796
0.0129945077438
-0.0139698940012
-0.00822541842701
6.22352620174e-06
2.27030588904e-06
6.18832304138e-06
2.00130845799e-05
-0.000935675389342
0.0169574760873
-0.00241777874365
-0.0221579490167
-0.0043798083482
0.00427751109477
0.00147369375152
-0.0202220765456
-0.00326081936966
-0.00304088274825
0.00499319794786
0.00641411276966
-0.0135240023014
0.00518579474266
0.00303779553342
-0.00487334402211
0.00382931524312
0.00829457612442
0.00678189693557
-0.0390286203541
-0.00506516727756
-0.0126383666757
-0.0191671376852
-0.00482837405886
6.75948166633e-06
3.68478966311e-07
-2.00864368224e-06
-0.026942065858
-0.00087365527397
0.0145311559969
-0.0190697170491
-0.0116596985883
0.024863276248
-0.0272425029107
0.0135081206128
0.0145180648199
-0.00695995858701
0.0081972949367
0.00181443451476
-0.00362766842756
0.0445294246505
-0.0270898386191
0.00334641053526
-0.000272378697748
-0.00445874531261
0.00819757095744
-0.0197371208957
0.0336283318702
-0.00372714974877
0.00623980274496
-0.0139088565772
-0.00010963634629
1.34711687726e-06
-0.0
5.22668370741e-06
1.28085061891e-05
-0.00762205819193
-0.00535152044261
0.00505909221993
0.0098290740674
-0.0138581706809
0.0144666558955
-0.0121062889389
-0.00688468822403
0.00210853455239
-0.0111490985503
-0.015123683058
4.182471572e-05
-0.0173379670917
0.0101774590843
-0.00834945683552
0.00137090277778
0.00770616213276
-0.0108720357525
-0.00630602905766
-0.0070248432542
-0.00221202965677
-0.000947741862439
-0.00632349585651
5.20047951306e-06
-0.0
-0.0
-3.16176169605e-06
-7.6681182231e-06
-0.0153980279843
-0.0506721763549
0.0281213308218
-0.00818907576885
0.00531934409153
-0.00592206249144
0.00674139108236
0.0204433596243
-0.00392172839626
0.0203019011566
0.00675037390872
0.0127927605238
-0.00350639951075
-0.00355325791379
0.0145270993956
0.00410480654089
-0.0137541463728
0.0183638103494
0.0135953738519
0.00805065505665
0.0157663256499
-0.0176588256245
0.0020090734878
5.92105804433e-06
3.26750673107e-07
-0.0
-3.59930320908e-06
-1.36892175744e-05
-0.00458395131707
0.0176747463909
-0.00166933126349
0.0253046191259
-0.0075800858587
0.00927376164853
-0.00820521534583
-0.00285284212703
0.00558114398339
0.00760026141536
-0.0289634453908
-0.00282094177126
0.0082866649376
0.0131068660178
0.00254065800212
-0.00230494761669
0.0230816112542
-0.0137099250298
0.0113590977979
-0.0230321738309
0.0184905594805
0.0153944091533
-0.0212793059242
5.48359416863e-06
1.12028802308e-06
-0.0
2.00568914774e-06
1.05215773056e-06
0.0339483650579
-0.0329722081796
-0.00787915182315
-0.0108305254651
0.0157874611126
-6.08109337152e-05
0.0187787034446
0.00582305717013
-0.0173973156359
0.0171851107256
0.00782056640748
0.00987322918218
-0.00596798950702
-0.00765262153728
-0.00152949169352
0.00900102371735
-0.00524000370187
0.00330788015927
-0.000426049023616
-0.00142291266178
0.0068906694983
-0.024799522923
-0.0158929412402
1.80757498219e-06
-0.0
-0.0
1.29741977272e-06
3.3141145392e-06
0.0312536051894
0.00412704745408
-0.0037583326561
-0.00529744918457
-0.000189826725438
-0.00396768575352
-0.00962879022821
-0.00270228523327
0.00564611988727
-0.0101781154674
0.00941844806645
-0.00618349894025
0.0147204947439
0.00338784470761
0.00143669614659
-0.00296556154598
0.00135501687305
0.00151875928297
-0.000179433172397
0.0300735683026
0.0130872962294
-0.0521270650198
7.72840794997e-05
2.68306645098e-06
-0.0
-0.0
6.43348647717e-08
1.97293585436e-06
-0.0098315218064
0.00215592245363
0.0235572209165
0.0022053791972
-0.012596109865
0.0221045510663
-0.00395726299354
0.00633798295456
0.00435713996419
-0.0129197402625
0.0091053579643
0.00727500243183
-0.0171339258427
0.017210271746
0.00258780377603
-0.00217569504746
0.00728047344865
0.0292228196381
-0.0337557771993
0.00375263594417
-0.0188236134898
-0.019011869708
8.86769939292e-05
0.00158751174587
-1.23184626534e-06
-0.0
-0.0
-0.00289700031526
-0.00309088811807
0.0239282460185
-0.0240177213164
0.00731095104927
-0.0114198136673
-0.0153650882063
0.00580566190883
-0.00392176739394
-0.00752162016209
0.0121869938966
0.00147488913019
-0.0192888665897
0.00632465828676
0.00233386260221
-0.00395622424483
-0.0117211392877
-0.0228246261183
-0.0218227453939
0.012756152425
-0.0171659177156
-0.00585006287488
-0.0108959071663
0.000100706838854
-3.58924184382e-05
-2.2583848199e-06
-0.0
-0.0
-0.0086867894714
0.0295383223145
-0.025281335
0.00947024801773
0.0122562496782
-0.00788562704591
0.0183696467527
0.0113998650484
-0.00371870923465
0.00364882156129
-0.00821445950988
0.00300670022766
0.0124944242644
0.00118114331218
-0.0101737769393
0.00688079766965
0.0169580711852
0.0100845866805
-0.00821634349091
-0.00131652341765
-0.000546049294955
-0.00880257536932
-0.022954182851
0.000112320345491
-2.64673038109e-05
-1.90784978226e-06
-0.0
-0.0
-0.00487422191415
0.0430494430667
-0.00432125573582
-0.0141216672841
0.0206543421009
-0.000428534058006
-0.0300305123398
0.00602841928795
-0.00517684407681
0.00565899549924
-0.00318118676315
-0.0144531158152
0.0123557612294
-0.0157645318267
-0.00138290652759
0.0135204502931
-0.00827277652253
-0.00665887085165
0.014035957495
0.00210174593135
-0.0018005161599
-0.00640425306737
-0.00453572396305
9.19871076338e-05
-1.00597057935e-05
-1.13932211965e-05
-0.0
-0.0
-0.00216494782129
0.0196983516945
-0.0373142384033
-0.0206410452371
-0.0127161356343
0.00156645487534
0.0187392480647
0.00089248087282
-0.00726510661641
-0.00738412218247
0.000791993163525
-0.00168907782396
0.0100629601052
0.00509672889116
0.00460840654511
-0.0117921094578
-0.00773693591237
-0.00522839939064
-0.00682641025135
-0.0231404881379
0.00504883318535
-0.0263392016507
0.010303599992
4.51925594843e-05
4.87620513692e-07
-5.26870370757e-06
-0.0
-0.0
-0.00077210961116
0.011818338189
-0.0146245344253
-0.0148376980308
-0.0156787553654
0.0479525166278
-0.0573189121693
0.0116760676087
-0.00891508934179
0.0147970926891
-0.0160656477024
-0.0158432794831
-0.0075817983684
-0.0174244575796
-0.0070512052239
-0.00411453985531
0.00379504642423
0.0223427106212
0.00365859540645
0.00442078281239
0.0363457997283
-0.0144745503579
0.0131526945535
-0.0102428208072
3.84499366346e-06
-0.0
-0.0
-0.0
-0.000849463119541
-0.0186551189464
0.00620032497522
0.00427750287465
0.00766125223951
0.0274020085036
-0.0166320887105
-0.000499420685306
-0.00324049614324
-0.0196170395734
0.00664479378902
0.00694684147545
0.00152692082184
0.0021225541329
0.0119926246196
-0.00686769445773
0.00834097410353
0.00842766747055
-0.0113419283776
-0.012981627147
0.00834544399142
0.00721776605072
0.012100953982
-0.0116071045153
1.81146407161e-06
-0.0
-0.0
-0.0
9.56685920981e-06
-0.00118635504518
-0.00524850355371
-0.0236128484928
-0.0137340042289
-0.0179817158414
0.00970372712714
-0.0143946322306
0.015464006252
0.00547463004131
0.0084466869498
-0.0174785143946
0.00442647621976
-0.0192955296104
-0.0162594020539
-7.24859443741e-05
-0.0264164658381
-0.0222667998445
-0.023949053013
-0.00253199956043
-0.0327398117093
0.0048379300491
0.0145707699105
-0.00644756502033
4.32022326221e-06
-0.0
-0.0
-0.0
3.86358496849e-06
-0.000240242467598
-0.00943287583577
0.0324876483792
-0.0321597310054
0.00625386816274
0.00900032747472
-0.00952844472476
-0.0241911612384
-0.00341339580205
-0.01763880217
-0.00116720086967
-0.00785182599016
0.00634707570176
0.0064575193195
-0.0125210855975
0.0123791151999
-0.00413775893474
0.0288505275135
0.0107853926555
-0.00912327821362
0.00885548342985
0.00258583327351
-1.34970239445e-06
-1.34160235861e-08
-0.0
-0.0
-0.0
-0.0
-0.00578798159139
-0.019255326413
0.00851466461687
0.0134121467191
0.00701020336527
-0.0230509825832
0.00247912552811
0.0169238068132
-0.0117556398156
0.00223573477376
0.000633019155552
-0.00396556686199
-0.00563653980926
0.0106746207061
-0.0017621993981
-0.00721284410739
0.00854343152896
-0.00862019418843
0.0226294760572
0.00994005283475
0.029756345437
9.85084574927e-06
-0.0
-0.0
-0.0
-0.0
-0.0
-0.0
-0.00190767773054
-0.00924925929318
-0.00538443404742
0.00363629777753
-0.00487703157972
0.00472738506826
-0.00327011797598
-0.00495820909817
0.0157333510097
-0.00724261979355
0.0145104800777
-0.0179672172988
0.0231398748441
-0.0316148414269
0.0272570855952
0.0134301143426
0.000493242968639
0.0146147729004
0.00924941355265
-0.0167065660239
0.00931201120428
0.010251063853
-0.0
-0.0
-0.0
-0.0
-0.0
-0.0
0.00105217366231
0.00662223597734
-0.0176595015379
0.0258204261269
-0.00476446743776
0.023116408447
-0.0033961015872
-0.00415621386633
0.0017457874983
0.0135886109406
-0.0174013604348
0.030880929817
-0.00905630269054
0.0360990698695
-0.00799069893921
0.00589566467712
-0.0104659575268
0.0141610106727
0.00355427207436
0.0178372964693
0.00958171463486
-0.0
-0.0
-0.0
-0.0
-0.0
-0.0
-0.0
-0.0
-0.0
-0.00276009596
-0.0034212094926
-0.0100023405205
-0.005386008894
7.75340067616e-06
-0.013928792909
-0.0110744374709
-0.00685148445787
-0.0239879467284
-0.0218762064064
0.0294162042467
-0.0189201628521
-0.011042269353
0.00701869443907
0.004730330866
-0.000896181552583
-0.0152572740124
-0.00971004066568
-0.0
-0.0
-0.0
-0.0
-0.0
-14.1625041557
