-0.0
-0.0
-0.0
-0.0
-0.0
-0.0
-0.0
-0.0
-0.0
-0.0
-0.0
-0.0
-0.0
-0.0
-0.0
-0.0
-0.0
-0.0
-0.0
-0.0
-0.0
-0.0
-0.0
-0.0
-0.0
-0.0
-0.0
-0.0
-0.0
-0.0
-0.0
-0.0
-0.0
-0.0
-0.0
3.45451481726e-06
1.14775958119e-05
1.53082482112e-05
6.39738380386e-06
1.22650848981e-05
1.23967433932e-05
1.84612489976e-05
7.20963096156e-06
-0.000304242249043
-0.00107070101154
2.30967291552e-05
1.53135940318e-05
4.88339204635e-06
-4.11196861942e-06
2.0929806468e-06
3.00523560021e-06
-0.0
-0.0
-0.0
-0.0
-0.0
-0.0
-0.0
-0.0
-0.0
1.66181949991e-06
-6.49321712652e-08
-1.09807490235e-06
5.22447797809e-06
2.60504567233e-05
9.7808000077e-06
7.87205569064e-05
0.00014737907397
-0.000209907499772
-0.000356085438822
-0.000413734506095
-0.000962476736365
-0.00111149939707
-0.00109884925662
-0.000911006085448
-0.000345901078322
-8.14908374176e-05
-6.03843589748e-05
-4.15345405262e-06
7.19115034578e-06
3.28253673501e-06
-0.0
-0.0
-0.0
-0.0
-0.0
-0.0
-0.0
4.46843491496e-07
8.77715752972e-06
3.76728350799e-05
5.14038045321e-05
8.41318293665e-05
-7.32822211634e-05
-0.000381849907857
-0.00294326797633
-0.00268759081198
-0.00119163853681
0.00147994739006
-0.000271410655226
-0.00223205539858
0.00136387544814
-0.00204886543902
-0.000245709816549
2.70752932345e-05
-0.000115049107639
-0.00040853235999
-8.8895364614e-05
-5.71570065492e-06
-0.0
-0.0
-0.0
-0.0
-0.0
-0.0
9.5868495099e-07
2.90937790262e-06
7.22694659637e-05
0.000140162335574
9.73861408153e-05
1.38969031872e-05
-0.000436231959773
-0.000741492536513
0.000917475638086
0.000415690372378
0.00365281493393
-0.000932638353982
0.000706011803384
-0.0018427298076
0.00131731196804
-0.00016602994311
0.000620799825286
0.00195285092308
-0.0015638794558
-0.00196105674474
0.00139851646638
0.00147461240348
-9.51526290435e-05
-0.0
-0.0
-0.0
-0.0
1.86358462035e-06
1.68047327535e-05
5.57356415475e-05
-0.000527322983925
-0.000490600719343
-0.000230240586942
0.00010277947662
-0.00106944095686
-0.00124362820862
-0.00143196577814
-0.000802707369336
-0.00237025544079
0.00175224728688
0.00124767136847
0.00225483797765
-0.000865527747551
-0.000355602610336
-0.000253922352378
-1.51251592781e-05
-1.7443838217e-07
-0.00140938826125
0.00100763911076
0.00034782992322
-0.000638834400086
-1.55546769326e-06
-1.18182895685e-06
-0.0
-0.0
-3.81141575579e-08
2.37951746736e-05
-5.81056537891e-05
-0.000859253936938
-0.000990275198446
-0.000280214870397
0.000192977122131
-0.00143530218314
0.00163667621208
0.00010427728349
0.00169493283998
-0.0008565238533
0.000340395781843
-0.00172066155104
0.000509211024514
-0.000144628376968
-0.00109470035985
0.00252503742536
-0.00103243224196
0.00195620033452
0.00025843198577
-0.0012463907832
-0.00109635678415
-0.00163567767774
-0.000676376150502
-0.000511719204308
1.45847834637e-06
9.64038290423e-06
-3.81999166529e-05
1.16715448455e-05
0.000104594971946
-0.000505266341272
-0.000242759192576
0.00130532609599
-0.000364311250036
5.65648242319e-05
7.75104059067e-05
-0.000746729299241
0.000592356034349
0.00164749693806
0.000144515784881
0.00133879899902
0.000399888683134
0.00095570117342
-0.000207173346614
0.000909494222921
0.000414711156812
-0.00187754464095
0.000467859545071
-0.000351813065857
-0.00124984608717
-0.000797445824053
-0.000122407710522
8.75833509197e-06
5.92702949065e-06
1.7248521195e-05
8.42462956818e-06
8.9275678139e-05
-0.000275128708784
-0.000353354379697
0.000483718461544
-0.000855611047314
-0.00128497346698
-0.00167800463585
0.000368882792678
-0.00139370095686
0.000378200506302
-0.000666414805919
0.0010985268895
-0.000344808282662
0.0012373875039
-0.000325448801927
0.00336698215098
-0.00062399111537
-0.000440829362184
-0.00017178736397
-0.000572151907385
0.000925035490451
-0.000343046761943
-0.00117781755464
-7.00242340076e-05
-1.42633791775e-06
9.61977160065e-07
1.83519618374e-05
5.7424390243e-05
0.000104414570642
-0.000499908150769
-0.00013658675942
8.71052594913e-05
-0.00155000184266
-0.000283126454326
0.00102412177558
-0.000949634395324
0.000832549895972
-0.00173017741538
0.00155619684926
0.00151744024746
-0.000951518601094
0.00180875558224
-0.00179834278577
0.000689252814628
0.000921089820151
-0.00182585059144
0.00014559996659
0.00116318175669
-0.000384186148463
0.000352618176693
-0.000902330983004
-5.47918039708e-05
-5.22146812795e-06
-0.0
1.57675370503e-05
4.76076629484e-05
0.000124270825945
-0.000612700133159
0.000738226948416
-0.000359644988701
0.000597647995748
0.000228006776817
0.00162319323543
-0.00029706059298
-0.000393904485535
0.000138168552454
-0.00076620595393
0.000704276747754
-0.00070920204031
-0.0014366246136
0.00103715852322
0.000503135752002
0.000385601175861
0.000415952408646
0.00159911886812
0.00154957722835
0.000430619737986
-3.68203305879e-05
-0.000875091757727
5.2888072767e-07
-0.0
-0.0
6.40233226697e-06
4.52787643555e-05
0.000115446408862
-0.000434633345819
-0.000287083288119
0.00036997545569
-0.000139669078183
0.00041217599333
-0.00115907861597
0.00105416268355
0.00159692754188
-0.000853586154017
0.000601164474426
-2.35325141073e-05
-0.00102140538609
-6.95307155279e-05
6.09478214022e-05
0.00137314226101
0.000496022740215
0.00139812459027
0.00123389071891
-0.000578677913432
0.000479995047262
0.000930986506532
-0.00013190102259
7.36282629999e-07
5.20169646802e-07
-0.0
2.90033895112e-06
2.83495014514e-05
8.89880239446e-05
-0.00150754835635
-0.000155524998029
0.00103581819443
-0.000736261568401
0.00097770144961
-0.000293905527756
-0.000780434414946
-0.000881843722047
-0.000347536755929
-0.000848079435291
-0.000293991252205
0.00120045298179
-0.00222237070229
-0.000726480391511
0.000166275992496
-0.000891644696197
-4.80773002976e-05
-0.000546305630655
0.000207215740768
-0.000252672578886
0.00105449705927
3.60187498263e-08
7.49097526583e-06
1.78344975255e-06
-0.0
-1.02023003129e-07
4.26836184309e-05
4.30517703296e-05
-0.00239411356079
-4.83310579357e-05
0.0020554628608
-0.00184505199298
0.00218932184076
-0.00110023882264
0.00115553180178
-0.000757321366409
-0.000756497840346
-0.000840219606293
-0.00190976649557
-6.59869222371e-06
-0.00304194617113
0.00161757985471
-0.00169916990212
0.00052032849086
0.000249139549404
-0.00162146393439
0.000963972776091
0.000672728233877
0.000324742435182
-0.000659583892302
2.56693078383e-06
-0.0
-0.0
-2.65143641269e-07
6.75318942614e-07
-9.40807997475e-06
-0.00345381658269
0.00200723512081
0.00180675177659
0.000552942985684
-0.000708589501649
-0.00174343539583
0.00314890322179
0.00026373436258
-0.000322157815317
0.00168747041138
-0.00484508195822
-0.000657310717507
-0.000976568788906
0.000454547828702
0.000857926091942
-8.08805467365e-05
-0.000158522822811
-2.35290928617e-05
0.00223782186293
7.19773905644e-05
0.000357379175936
-0.000194728588659
7.70597506928e-07
-0.0
-0.0
-1.31478991964e-08
-4.031993958e-07
2.74837970625e-05
-0.000566969154445
0.00121070568331
-0.00117062455001
0.000559822177474
0.00182665723882
0.000928139765692
0.00195195723717
-0.00207314182432
0.0022231564089
0.0013489894845
-0.00449338165519
0.00156798766596
-0.0021542184956
-0.0015024007787
-7.89957256886e-05
-0.00213617904161
0.00238201137649
-0.000206664752851
0.0010233516921
0.000446213414412
0.00118942196578
-6.77878725263e-05
-2.23015694412e-05
1.54133077134e-07
-0.0
-0.0
-1.34447544777e-06
-1.24509217057e-05
-0.000542853267653
7.10852110522e-05
-0.000184279846033
0.00180741331388
0.000601929485832
-0.000190057027139
-0.000425355976438
-0.000710460114594
-0.000156704757129
-0.00337600831549
-0.0046115660354
0.000319959698498
-0.000159986260612
-5.11575706647e-05
-0.000815343270685
0.00108915713519
-8.93803140187e-05
-0.0015422444841
-0.0021913625282
0.00125192298418
0.00114688109893
3.94454754436e-06
3.69702180123e-06
2.82575377826e-07
-0.0
-0.0
-1.4334022188e-05
-0.000263247801572
-0.000362275939939
0.0014988413016
0.000635091404778
-0.000193905457079
-0.000963739316841
0.0012524256449
0.00184300152765
0.000980661458781
9.87098054435e-05
-0.00075326206886
0.00182683531209
-0.000909412437476
-0.00206321296811
0.00189954859404
-0.000934964274258
0.000554908307624
-0.00196141875177
0.000916767889089
0.00153075836472
-0.000234529455685
-0.000598367909355
-0.000955991228316
3.58003720725e-05
7.71868830514e-07
-0.0
-0.0
-2.65972517919e-05
-0.000644976424136
-0.00209514287121
-0.000226932892325
0.000365369353472
0.00162423808797
0.0011575486204
-0.000636793469818
-4.4462112955e-05
0.000560150722305
-0.000440084903156
-0.00346171585434
0.000829730913769
-0.00159857306405
-0.000623378047416
0.000383255047728
0.000532833651998
-0.000709147665876
0.000310353825431
0.00275952782309
-0.000582376202883
-0.00247470535645
0.000438861963718
-0.000271717178317
1.55904359133e-05
6.27200826966e-06
-0.0
-0.0
2.50495100718e-05
-0.00111200584933
-8.9771640848e-05
-0.000494581846223
0.00116391563971
-0.000295634560818
0.000858473179371
-0.000286873124358
0.000132477712239
4.03564091067e-05
0.00238490414926
-0.00308780846365
-0.000263291690923
-0.00218199488794
0.00157168575139
-0.0012292924356
-0.000617933486927
-0.000310546821121
0.000887512419339
-0.00109198172901
-0.000489523759697
-0.000901558973789
1.51181539287e-05
9.28833268098e-05
1.89713278045e-06
3.44450733787e-06
-0.0
-0.0
1.46826153915e-05
-0.000476042749493
0.000653239626535
-0.000295385021225
-0.000467196784454
-0.00143902495084
0.000236910390481
-0.000508232602072
0.00206058294546
-0.000419890971255
0.000855249047828
0.00204352926507
-0.00068929028681
-0.000180676570891
-0.0027934013206
0.000303192519959
2.55351256702e-05
-0.000535330817659
-0.000529352668699
-0.0004953848867
-0.000594216607512
-0.000414979013019
-0.00117612060284
-9.44615036785e-06
6.34936691048e-06
-0.0
-0.0
-0.0
-6.95201892067e-06
0.000130335825447
6.83515498574e-05
-0.000858915884641
0.0014855604852
0.000387173069489
-0.000203470319103
0.000159001871694
0.00168898087852
0.000963712659139
-0.00048947993379
-0.00146532027354
0.000231982001346
0.000523597330575
0.0010400784666
-0.00321338794755
-0.000338400995293
-0.0016808517285
-0.00186826061512
0.00149989348626
-0.000508127114345
-0.00201624632752
-0.000870266960704
-2.28976187514e-05
7.45507977992e-06
-0.0
-0.0
-0.0
-4.38576550401e-06
0.00105840877055
0.000446113945162
0.00119770416916
0.00196965790422
-0.00275761133729
-0.00113116599775
0.0012410259122
0.000292002038277
-0.000920718971715
0.00159285193184
0.000788365897728
0.000522684901936
0.000454981107653
-0.000404723297727
-0.00131446369656
-0.000637625880734
0.000599157004442
0.0011800133601
0.000468933595751
0.000608614076449
-0.001150119747
-0.00118176322664
-8.71327567374e-06
2.37932865278e-06
-0.0
-0.0
-0.0
6.28910688478e-07
2.26617294427e-06
-0.00156021662281
0.000325098344451
0.000703277678432
-0.00124186339453
-0.000265438461242
0.000966572370498
0.00113701442668
0.000524881141486
0.00121936151855
0.000651174749376
0.000569944011481
-0.000229569565292
-0.000236913536864
-0.000130884983536
-0.000500748549664
-0.000455653746249
-0.00039839315857
-0.00116842016371
0.000255895298201
-0.000491088284874
-0.000333760640609
1.33173893944e-06
-1.54481284213e-06
-0.0
-0.0
-0.0
-0.0
2.08281376124e-05
-0.000754052780401
0.00100887950328
-0.000557320311918
-0.000541318326203
-0.00126408450074
-0.000187230022732
0.000890645912211
0.000856530596763
0.000506091749283
-2.91607358767e-05
-0.000122434070067
0.00134630419217
-0.000874155003434
4.77659742994e-05
8.64121964551e-05
-4.77569741154e-05
-0.000758878367956
-0.000355658881504
-0.000130081784705
-0.000336902772992
-0.000160618287091
1.23898368962e-06
-0.0
-0.0
-0.0
-0.0
-0.0
6.17376466701e-07
1.19163831226e-05
-0.000810828929501
-0.000780630485929
-0.000887669600473
-0.000769751193283
-0.000687593982857
-0.00444963553611
-0.00238287616957
-0.000907117148437
0.000249115329096
-0.00260284444361
-0.00151391006012
-0.000698452036941
0.000286773453212
-0.000497678466435
-0.000659844507886
-0.000903066695417
-0.000827878558909
-0.000852799863281
-0.000551661892696
-7.92475932616e-05
-0.0
-0.0
-0.0
-0.0
-0.0
-0.0
9.8362124846e-07
1.12765209145e-05
-0.000818952950754
-0.00058020278734
-0.00043644725748
-0.000125141168894
0.000149190562888
-0.00105627320236
-0.00165806596879
-0.000805290413128
-0.00116765702407
-0.000917052460817
0.000321893802848
0.000299030996364
0.000188858830648
-6.99143353362e-05
-0.000131206094576
-0.000279734535345
-0.000901634579716
-0.000855681077025
-0.00042339886328
-0.0
-0.0
-0.0
-0.0
-0.0
-0.0
-0.0
-0.0
-0.0
-1.15698126869e-06
-2.22980991668e-05
-7.50162278845e-05
-7.21419237231e-05
3.53265614916e-06
2.74020735725e-05
4.98080157238e-05
5.27573652916e-05
2.72509606255e-06
-1.25204409467e-05
4.45974792547e-05
4.36420556062e-05
1.98305774755e-05
1.79243415433e-05
1.17581795649e-05
2.90368695938e-06
-0.000220984248077
-0.000218681951624
-0.0
-0.0
-0.0
-0.0
-0.0
-2.34425140618
