-0.0
-0.0
-0.0
-0.0
-0.0
-0.0
-0.0
-0.0
-0.0
-0.0
-0.0
-0.0
-0.0
-0.0
-0.0
-0.0
-0.0
-0.0
-0.0
-0.0
-0.0
-0.0
-0.0
-0.0
-0.0
-0.0
-0.0
-0.0
-0.0
-0.0
-0.0
-0.0
-0.0
-0.0
-0.0
2.36069163264e-06
8.48003817168e-06
1.19534709183e-05
1.08689241486e-05
1.89352742575e-05
1.1945270293e-05
1.40230506035e-05
1.26039510567e-05
1.42784445846e-05
1.01740096136e-06
1.77440155773e-05
1.31128795397e-05
8.35124560974e-06
1.03930879054e-05
4.87004960958e-06
2.31451670222e-06
-0.0
-0.0
-0.0
-0.0
-0.0
-0.0
-0.0
-0.0
-0.0
1.04828908525e-06
2.95778775073e-07
8.68553536995e-07
-2.08751094133e-06
-3.21129777208e-05
4.29144689317e-05
7.71840969399e-05
-1.02466840797e-06
-0.000439087517731
-0.000420277443191
-0.000739032913204
6.69082785097e-05
-0.0012201575224
-0.00516082822056
-0.000535145974603
-0.00200334933008
-0.000289661016792
3.93442827241e-05
7.51914884572e-06
4.51144934686e-07
2.22893708699e-07
-0.0
-0.0
-0.0
-0.0
-0.0
-0.0
-0.0
4.00939228078e-07
9.25918880911e-06
1.93711220046e-05
-8.51073860164e-05
-0.000379011123899
-0.00130713497989
-0.00142382603804
-0.000760552700278
-0.000673031627859
-0.00270009856752
-0.0031672740353
0.00124862477599
-0.00133156391811
-0.00265179835152
0.000187544509371
-0.00258552220298
0.000508480395199
0.000937822905057
-0.000125664205368
1.41689275735e-05
8.69138942122e-06
-0.0
-0.0
-0.0
-0.0
-0.0
-0.0
9.24966915465e-07
-4.0366957729e-05
-0.00131382355281
-0.00394122058
-0.00254221069815
0.00173369927611
-0.00749258233007
-0.00023547699368
0.000775648675393
-0.000378626737343
-0.00177058774669
-0.0039651388432
0.00347223442676
-0.00170058017573
-0.00436569916193
0.00552001775708
-0.00320924450588
-0.00166879530777
0.000464290464429
-0.000107801629016
0.00060575737186
-0.000459622975699
-0.00010734431654
-0.0
-0.0
-0.0
-0.0
2.33826499544e-06
4.01425768819e-06
-0.000956129022163
-0.00327432729552
-0.00162029042274
0.00468894832462
-0.00117451712968
0.00160209110443
-0.00372836092178
-0.00282995035275
-0.0018248021504
-0.00149094520977
-0.00118802918577
-0.0013486939848
0.00371043806591
-0.002548025632
-0.000225140435623
0.000571841255685
0.00184468272841
-0.00215733246351
0.00275816691315
0.00480819427253
-0.000955537108046
-0.000263470932731
3.32768165403e-06
3.7195653436e-07
-0.0
-0.0
2.30256764719e-06
1.63455931707e-05
-0.000377631389078
-0.0035476884286
0.00091132332312
-0.000330652806252
-0.00405110526632
3.85352838991e-05
0.00198968595385
-0.00038721597818
-0.00323189064106
0.00281867364553
-0.00220681329341
8.33551536548e-06
-0.00479410211837
-1.77246177396e-05
-0.000291658486558
0.00042645779979
0.00158364393911
-0.00251499098977
-0.00241820969168
-0.00206255924102
-0.00396956308788
-0.00171430231713
3.54121645465e-05
1.09820924543e-05
7.20882876726e-07
2.27713751114e-06
1.29456045679e-05
5.32512372361e-05
0.000186315010948
-0.00305215076387
-0.00350437588026
0.00180164764044
-0.00146724912413
-0.00135075997687
-0.0031521451669
-0.000168483437838
0.00104564459619
-0.00291859735767
0.00247280667011
-0.00174218867248
0.000517917848707
-0.00284679213888
0.00143833427142
0.0018370492925
-0.00331759975513
0.0041850999601
-0.00127863674629
-0.00298897638322
-0.00308133862169
-6.79443923005e-05
6.11109169918e-05
7.61637734123e-06
2.9295453076e-06
1.11510903594e-05
2.6076777181e-05
9.29157756299e-05
0.000242668850058
-0.00420502335909
-0.000635163751375
-0.00112565996128
0.00361925809768
-0.00295741007895
-0.00157521139448
-0.00250752450439
0.00173956244499
-0.000657155461861
-0.00197566875874
0.00243658628334
-0.000237971749964
0.000617479974415
-0.00043659181086
-0.000747683250714
-0.00139787318226
0.00153680274223
-0.000258235272274
-0.00282513718287
-0.00255599525361
-0.00093841259591
-8.39313172701e-05
8.47126651364e-06
4.75475940015e-07
-0.000504594958327
3.00538344182e-05
8.93576395682e-05
0.000172780805229
-0.00247323872155
-0.00237635107405
-0.00170446700102
-0.00158621218499
0.00110264281284
0.000314653808517
-0.000486399090907
-0.00268863951843
0.00336002687296
-0.00071843947536
8.92972670005e-05
-0.000343394005726
-0.00100440272039
5.55982379252e-05
-0.00199778765369
0.00178916857806
-0.0012622619753
-0.00298071900629
-0.000894590243684
-0.000724409471463
-0.000633409128775
-0.000110533681965
1.79043012134e-06
-0.0
-6.56790526286e-05
1.50229644e-05
-1.8144134414e-05
4.46261516918e-05
-0.000490280335658
0.00150935174799
-0.00177205045582
-0.00206931940146
-2.40120552644e-05
-0.00243530369802
0.0020184238707
0.00142368629829
0.00107178586406
0.00114962219103
0.00186316617292
0.00329675542354
0.00033040869756
-0.00231039818029
-0.000971050144666
-0.000615437278522
0.000750445711454
-0.00158294311277
-0.000140760570666
5.35204995603e-05
0.00250890391099
-8.23585501028e-05
-0.0
-0.0
-5.47043453706e-06
1.26992839615e-05
-0.00034192643066
-0.00186282898031
-0.00231617289299
0.000240279494897
0.000182995422517
-0.00270760646532
-0.00290966280227
-0.00162129388171
-0.000330812084208
-0.00224799885401
-0.000996714134831
0.00136328099469
0.00200839982181
0.000350337534169
0.000762452706646
0.00135475841308
-0.000271220202857
-0.00367986960556
-0.00196808164439
-0.000164216824114
0.000294542884307
-0.000145958515451
0.00343740104375
-7.72784522326e-05
6.54852358254e-07
-0.0
-1.2771454415e-05
-3.50387982412e-06
-3.46338998064e-05
-0.000207842252117
-0.000907437347057
0.00200746023743
0.00157728110096
0.000771130782939
0.000511405463208
0.000447432810844
-0.000425291208658
0.000157156720645
0.00255101450891
0.000268811781827
-0.000131159470221
-0.000709550702323
0.000997164453471
0.00351791915742
-0.00217160926431
-0.00209920038501
-0.000628269626443
0.000709478327585
-0.000674886510327
-0.00133935918834
-0.00115114327243
-0.000592087487588
2.24520808562e-06
-0.0
-1.61366641319e-05
-2.30544215911e-05
-3.31276541332e-05
0.000126224398399
0.000734878808502
0.00434764343625
0.00140537612489
-0.00291213347194
0.000472087260371
-0.00103672094966
-9.50457521326e-05
-0.00358236315211
0.000884692261074
0.00476632690805
0.00251090707617
0.00145510065042
-0.000234000485474
-0.00100136989409
-0.00133023185623
-0.000108141851536
0.000233649604714
-0.000160978922547
-0.00116908387765
-0.00215794405663
-0.000963700090964
-0.000331373287739
-0.0
-0.0
-7.37984079784e-06
-1.70902102684e-05
-7.36981821737e-05
8.35948189962e-05
0.00242243221456
0.00169297890898
-0.00241726433027
0.000860958434145
-0.000138210342076
-0.0037888919344
-0.00216024960749
-0.000166325770158
0.0015876102611
-0.00375230500151
-0.000647096373757
-0.00314747311702
-0.0051561631265
0.00278962699821
-0.00361122510739
0.000337050929876
-0.00067227069353
0.000502195225133
-0.000941196699718
-0.000845197148701
0.00056133262189
0.000335963528625
-0.0
-0.0
-3.65942518892e-07
-1.12222372463e-05
-4.09018534428e-05
0.000100739489019
0.000252746655915
-0.000643538008938
-0.00334843266514
0.00257883040457
0.00145338481075
-0.004871249099
0.0026304334298
-0.00193553757687
0.0046736764234
0.00366560683262
0.00202498396583
0.00589061200336
0.000680217475768
-0.00164613240627
-0.00425927569753
0.000203464930435
-0.000481233749767
0.000831241853482
-0.000526909720389
-0.000415484801251
0.000169233111449
0.00014404104935
1.39663006592e-07
-0.0
-0.0
5.09086169588e-06
3.60411388492e-05
0.000190435763023
0.000882094455565
0.000465211208129
-0.00100931487246
0.000183351891422
0.000122730111575
-0.000440735784298
-0.00145375490844
-0.000754618382734
-0.0027617600227
0.000978089598326
-0.00354033685387
-0.00193217312873
0.00151359282197
-0.00145785794534
0.000900958700637
-0.000346784388974
-0.00107438677199
-0.000435890623201
-0.000983899802106
-0.00151996816933
-0.000894769532193
1.45388929427e-05
2.5604884541e-07
-0.0
-0.0
7.86623512959e-06
-0.000375941668116
-0.00027801938037
0.00103284784871
0.000288419643836
-0.000196304915691
0.00113795542048
-0.000410711353609
-0.00219383732497
-0.00135800310728
0.0023179892737
0.000907473224319
0.00216268478395
0.000364866150831
-7.92862349643e-05
0.000738180034994
-0.00217375466168
-0.000419559322976
-0.00186380968915
-0.000949640329054
-0.000825029257535
-0.00086736117617
-0.000543149853876
8.12362405419e-07
6.79017338325e-06
-8.27370226276e-06
-0.0
-0.0
2.25272372872e-05
-0.00112167680182
-0.00145052786425
-0.00158083204151
-0.00190924351255
0.00103231707528
0.0020186051407
-1.24840782194e-05
2.76274805666e-05
-0.0010756022774
0.000839810847344
0.00242181003051
0.00150821539215
-0.00118888305847
-0.00327073056842
-0.0027304730131
-0.00145755607573
-0.00172792457413
0.000512436692121
-0.000513187218835
-0.00136742874284
0.000561985387854
-0.000546235165577
4.37428681737e-05
1.61052197628e-05
0.00242850937631
-0.0
-0.0
2.98374887483e-05
-0.00160955134562
-0.00156989686194
-0.00161591252139
-0.000937874905916
-0.00437349845459
-0.000628591706885
-0.000204230994315
0.00172647150866
-0.00185917290736
-0.0039762856272
-0.000421925479782
0.000109396416312
0.00242563762997
0.00180945916153
0.000597981606842
0.00356451210759
0.00549515631259
0.00313384056273
-0.00241682843972
-0.00235135862568
9.50435001738e-05
-0.000266955662166
-0.000555557099061
-4.02674628116e-05
0.00104808451336
-0.0
-0.0
3.3871709539e-05
-0.00127854753059
-0.00249491885412
-0.00373238605478
0.000469457129492
-0.00432888270179
-0.00237776146145
0.000650921414587
0.00116036672566
0.00239938897016
0.00212455630832
0.00130410370518
-0.00256602415033
-0.000269983299722
-0.00319568974504
-0.00240490619631
0.00228364206298
-0.00162670198288
-0.00249959345243
0.00354553522741
0.00269786972912
-0.00105380617042
0.00397242115741
3.8084196202e-05
-0.000329935041686
-0.0
-0.0
-0.0
2.25287916672e-05
0.00147811163409
-0.000142774394842
0.0005256181082
0.00446273414055
0.00521059650668
4.95896549091e-05
-0.000311876147982
-0.00051499159346
0.00234212223914
-0.00217444556003
0.00138667327761
-0.00256552120474
0.00449049387538
0.00374078797555
-0.00117773858709
-0.00301094707558
-0.00234829097465
-0.00045068306886
0.00366481171921
-0.0015018797044
-0.00128698219041
0.00328924894406
0.00240332368397
-1.75716273561e-05
-0.0
-0.0
-0.0
7.41799185994e-06
0.00179072718692
0.00447168935577
-9.53154560168e-05
0.00191768146429
0.00384536075993
-0.00201784795317
0.00111748431671
-0.0028374837505
-2.87753777554e-05
-0.00104853883483
-0.00281757500728
0.00333751894373
-0.00381224501377
-0.00193811871302
0.00535150257128
-0.00155997538471
0.00306902013748
0.00275526276261
0.00161659482836
-0.00223127147126
8.50089295229e-05
0.00197547269239
0.00200278879284
4.85032494471e-06
-0.0
-0.0
-0.0
-4.55719945027e-07
2.97838825116e-05
0.000462458916948
-0.00513221319368
-0.00276663919437
-0.000239681052672
-0.00227583960833
0.000704068353533
0.000331788004101
-0.00137535260492
0.000304980358247
0.00145568464139
-0.00269279250235
0.00425574280599
0.00190611855312
0.00230981725216
-0.00181586021596
0.00132860760963
0.00446068917659
-0.000756027238144
-0.00145681611117
-0.000935491178295
-5.69399821189e-05
-2.86953315468e-05
1.84033376493e-06
-0.0
-0.0
-0.0
-0.0
2.12216339284e-05
-0.00101944351321
-0.00664953353551
0.000676025912774
5.88473287632e-05
-0.00466643552677
-0.00132339985428
0.000490083150021
-0.000918236473579
-0.000893769460801
-0.00470572851691
0.00203283625319
-0.00524399515529
-0.00333246728252
0.00105620716181
0.00263993319554
-0.000853220343536
-0.0043508495718
-0.00535522511535
7.76417726129e-05
-4.08931664661e-06
-3.54601442108e-05
-6.03391208935e-06
-0.0
-0.0
-0.0
-0.0
-0.0
9.60280771724e-07
-1.3631271884e-05
-0.000251125518967
-0.000430528567312
-0.000540394552623
-0.0042775411709
-0.00332798960603
-0.00257419455199
-0.00528782337066
-0.00654313341458
-0.00112893823369
-8.09308187862e-05
0.00453182224349
-0.00393779831272
-0.00167720215906
-0.000479330436493
-5.67527955876e-05
1.75820056516e-05
7.76482231414e-05
2.8290372359e-05
1.05354460677e-05
2.98173880639e-06
-0.0
-0.0
-0.0
-0.0
-0.0
-0.0
-3.46480849223e-07
-2.66291136308e-05
-8.00522718092e-05
-9.22257620407e-06
0.000104057705883
-4.99728448243e-05
1.95323401722e-05
-0.00107678698028
-0.00188183747239
-0.00486895950932
-0.00261745090252
-0.00225933125801
-0.00234839138358
-0.00291523979353
-0.00110532001408
2.48870640477e-05
-1.93962701966e-05
7.95316674274e-06
-8.47232745052e-05
-0.000189930491282
-0.000157108000863
-0.0
-0.0
-0.0
-0.0
-0.0
-0.0
-0.0
-0.0
-0.0
2.09209827407e-06
4.70205885802e-07
7.76116828868e-06
2.09478230784e-05
2.52033147203e-05
4.02309553383e-05
5.67488809773e-05
9.47043367083e-05
8.00737734705e-05
4.39280507618e-05
4.41472170058e-05
3.87379268263e-05
4.00449208776e-06
-1.13907277721e-05
2.27040648619e-06
5.34160889013e-06
3.94390094036e-06
2.72217371369e-06
-0.0
-0.0
-0.0
-0.0
-0.0
-1.12998684457
