-0.0
-0.0
-0.0
-0.0
-0.0
-0.0
-0.0
-0.0
-0.0
-0.0
-0.0
-0.0
-0.0
-0.0
-0.0
-0.0
-0.0
-0.0
-0.0
-0.0
-0.0
-0.0
-0.0
-0.0
-0.0
-0.0
-0.0
-0.0
-0.0
-0.0
-0.0
-0.0
-0.0
-0.0
-0.0
1.77508211472e-07
-0.00187356979218
-0.00439240462712
-0.00296508799218
-1.35083300034e-05
7.83359256913e-07
3.33990144727e-06
-2.32454590756e-07
0.00177166818714
0.0281500886459
0.000797627689716
-0.000462851218192
9.39994147655e-07
-3.74605154203e-06
-4.61060438395e-05
-3.1856597555e-05
-0.0
-0.0
-0.0
-0.0
-0.0
-0.0
-0.0
-0.0
-0.0
5.22066900912e-07
5.60811118712e-08
9.61670400173e-09
-0.000579871433742
-0.0048007721672
-0.00524859115895
-0.00444477888003
0.00102091065475
0.0153959902496
0.000154811259749
0.00367138593408
-0.00151471047132
-0.0139821966183
0.00438280287005
-0.00315847848136
0.000495923642041
-0.00363592084397
-0.00556801810304
-0.00120351700721
3.82766478095e-05
1.73074566436e-05
-0.0
-0.0
-0.0
-0.0
-0.0
-0.0
-0.0
-1.14938122517e-07
-0.000682337125774
-0.00809174964122
-0.00552067511929
-0.00591647972756
0.0101254505239
0.00151123978059
0.0145143530181
-0.0153618828102
0.00618754054405
0.00106095757097
-0.00775967581555
0.00664391422779
-0.00289006142159
-0.014610256152
-0.00389168991257
0.00444026815837
-0.00555689984444
0.0160211262297
0.000459605327754
1.01622017064e-05
-0.0
-0.0
-0.0
-0.0
-0.0
-0.0
-0.000203246965533
-0.000922609327288
-0.00170616771287
0.00574609281694
5.52743849784e-05
-0.0161484396318
0.023332212703
-0.00432585887236
0.00645449645632
-0.00761163582573
0.00215496213229
-0.00114944697984
-0.00175130462107
0.000703538721186
-0.0042104436106
0.00472994090979
0.000554032900567
-0.00533894313573
0.00979639899055
-0.0148514038101
-0.00728317316134
-0.00411456582419
-0.00615567099227
-0.0
-0.0
-0.0
-0.0
-4.21582325843e-06
-3.92857681118e-05
-1.39702940544e-06
-0.000462671178795
0.00774291589206
0.00126083415914
-0.00179337377611
-0.00824016754594
0.00156988155616
-0.00245234180797
0.00183360259325
0.00629373621234
0.00664579443538
0.000811808491966
-0.00207129137259
0.00683111968967
0.00210009745198
-0.00922783966493
0.00558106413005
-0.0114547749223
-0.000939746394526
-0.00417383089429
0.00494046527061
0.00660428356538
6.0330903978e-06
2.2081678733e-07
-0.0
-0.0
0.000114335602016
-0.00158151383728
-0.0143717802504
0.0120411118879
0.00517529527086
4.20600006922e-05
-0.00051683540026
0.00665874915687
0.00548207072766
-0.00460635577129
0.000386396087161
-0.00572934152986
-0.000646159134838
0.00480155794207
-0.00153857983233
0.00272500551473
-0.00626445525238
0.00210167269388
-0.00297486828784
0.0088359409766
-0.0106092528619
-0.00126408531926
0.00244924060404
-0.00917292223064
1.2182626489e-05
5.9447919973e-06
-1.80310089944e-07
-2.75555723123e-06
0.00211979432119
5.97084866318e-05
-0.00575889956443
-0.00824107967428
-0.0160373846702
0.00392389523952
0.00769907127629
-0.0123468759882
-0.000598935823063
0.00332455112077
0.00615144701881
-0.000563000483737
0.00168991751528
-0.0062702557714
0.00297231054408
-0.0116914648183
-0.00147731780181
-0.00263045315633
-0.00471234930621
-0.00439457997095
-0.00434808375968
-0.00452988904366
-0.0112085539965
-0.0035444712799
-0.000185520171957
3.73185558587e-06
-7.32749514494e-07
-1.04321631788e-05
0.00116104113462
-0.00344145828815
-0.00882279077398
0.0222688545087
-0.0117929999951
0.00855978415157
-0.005866862473
-0.00120579419964
0.00912826364914
0.00171405180868
-5.25823441253e-05
-0.00616392918919
-0.000505495753537
0.00422528667521
-0.00505192880696
0.0129485635864
-0.00174226694358
0.00476343203544
0.00762420894875
0.00864541485366
0.0121557808126
-0.0175956729843
-0.0166105396822
-0.00533007614998
-0.00414680709931
3.32101075009e-06
-1.18927931656e-07
-9.49642844411e-07
-0.00177713097431
0.000215787037695
-0.00524816775961
0.00666472410657
-0.00024457399402
0.00267620238389
0.00759157657028
0.000503381233746
-0.00452599478567
-0.00685542143384
0.00169392259391
0.00941593725366
0.00364001940645
-0.00117773691275
-0.00225874992012
-0.00235394651999
0.00709679581956
-0.00194959943171
-0.00222474852302
-0.0120978820812
0.00277206495409
0.0192654196208
-0.00716215261583
-0.0145770513435
1.12487950398e-05
3.25371377913e-07
-0.0
6.21758725358e-06
-0.00147839546948
-0.00789015453668
-0.00375096998896
-0.000130667747133
-0.0108201206501
-0.00286395999884
0.00236555102063
0.0110110110098
0.00305602180092
-0.00512100742623
0.00291270648835
-0.0103606360445
-0.000238035790636
-0.00479563847388
0.00330117417905
-0.000732670912679
-0.00440120722468
0.00733251197717
-0.000294911675879
0.00641250452161
-0.00918884612361
-0.00937115247366
0.0144160762614
-0.00701023722237
2.25720423138e-06
-0.0
-0.0
-7.01374767277e-05
-0.0010703914318
-0.0195148951658
0.00226160287444
0.0137451231069
-0.00576781583649
-0.000157648323087
-0.0180235043213
-0.0146466540671
-0.00317326918541
-0.00235954254316
0.00378695992851
-0.00971435105167
-0.00674849165266
0.00244889377404
0.0017063399631
0.000195856402426
-0.00991400717328
-0.00158251021455
0.00307385215283
-0.000161550196556
-0.00833926392662
-0.00264162424676
0.0113934973791
0.0193636065103
-0.00662836445712
-0.000842229271256
-0.0
-0.000732737123075
-0.00142409047195
-0.0184639071277
-0.00173156330169
-0.00614609043448
-0.0172683130519
-0.00975518066677
-0.00539110201159
0.00610316714951
-0.0117643576828
7.45259910472e-05
-0.00574892674252
-0.00147177896347
0.00800902011423
-0.0113171565745
-0.00606729091478
0.00230752188843
0.00374549156891
-0.0122162870964
-0.00012346233585
0.0167136690635
-0.00256978325331
-0.0122485998888
-0.00667173936898
0.017810086905
0.0127197650091
-0.00288764321574
-0.0
-0.00145315534921
-0.00144111351187
0.0166663687612
-0.0141354406852
-0.00516562078267
-0.00490048415351
0.000678635045904
-0.00470531304216
-0.0156027168961
0.00726409535159
-0.00740821396659
-0.00243926614771
-0.00253499146658
-0.00493563698632
0.00157758695562
-0.00301775438062
-0.00101274197581
0.000386696817756
0.00275971097492
0.0117977534442
-0.0307206020138
0.0101380444118
0.0113911929719
0.00451320856369
0.00355871538399
0.0115180208987
-0.0
-0.0
-0.000695167355838
-0.00145268330322
0.0189308611704
-0.00779721176439
-0.000622047124737
-0.0118852862622
0.0118643168533
-0.00383617243379
-0.00283540575233
-0.0102125744688
0.00505161884232
0.004935037939
-0.00670876596359
-0.0044473820595
0.00727572255798
-0.00491810087462
0.00264250698824
0.000644227524417
0.000772073596354
-0.016622724631
0.00657199103641
-0.0109628502745
-0.00788426835848
0.00989355740854
-0.0148904412739
0.00114458659306
-0.0
-0.0
-3.4471108554e-05
-0.00105711399566
0.00595787012981
0.0095912556848
-0.00143483115766
0.0194789595178
0.00148862203226
0.00669041102073
0.014243951307
0.000771952801108
0.00142014089986
-0.00313799277975
-6.02733937736e-05
0.00352181635274
-0.00287632113852
-0.00184002877976
-0.00261912781577
-0.00185321882785
-0.00206991417049
0.00641233233585
-0.00425105589274
-0.000328450032821
-0.0178543085386
-0.0151578541629
0.0121479906415
0.00329676172054
3.65137148159e-08
-0.0
-0.0
-6.10219886249e-05
0.0160177268092
0.00536444646395
0.0147916126996
-0.00861850870801
-0.00724604991072
0.0030718546181
-0.00492776803624
0.00100780581992
0.000477411289177
0.00661680633484
-0.00422130113368
0.0032789566009
0.00391712623978
-0.0115453751767
0.0115739395704
-0.00934915921234
0.00687878648623
-0.00220859831067
0.00328713878871
-0.00289600599592
0.00611709452419
0.0222363914836
0.0090958560253
0.00590720590144
6.69418104996e-08
-0.0
-0.0
5.4231267465e-06
-0.000335303506706
-0.0175693247913
0.00103090587459
0.00384630763272
0.00548647030226
-0.00400712036327
0.0112214410486
-0.00131316794867
0.00393840279904
0.00237555845602
0.000335027255322
-0.00308411045677
0.00479938590813
0.00109301213198
0.000779461670358
0.00135062556379
-0.0107726332628
0.00272395712784
-0.000537072149103
0.00212376068564
-0.00355776736308
-0.011419138771
0.00397380455203
0.00590126354549
-6.58333030986e-07
-0.0
-0.0
-0.000786987347477
-0.0185601498328
0.0143428444951
-0.00920993612483
0.00537128678602
0.0104586760886
-0.00828763908338
-0.00302990011471
0.00449266742277
-0.0017584019237
0.00302064533615
0.00399087294536
0.00210179920393
0.00196553901052
0.00157475330442
-0.00371136824799
0.00689126369636
0.00599095620366
0.000749241022391
-0.0072291916177
0.0112617109824
-0.00462509819774
0.0191306255669
0.00311570550481
0.000885281880878
-1.44949386793e-06
-0.0
-0.0
0.000504594572658
-0.00337795599139
0.00185295414029
0.0142194638213
-0.00508416767819
0.011235871439
-0.00204921503387
-0.00588228521613
0.00100888387639
0.00434416842609
0.00184673747673
-0.00421128669419
0.00223411993137
-0.00060396319467
-0.00680895450159
0.0075286059627
-0.00979866885345
-0.00734201824941
0.00362771498947
0.00427960279222
0.008243535994
-0.00674892437672
-0.00882478673453
0.00907807250779
0.00202642958696
-8.20724708784e-07
-0.0
-0.0
0.00442810169923
-0.00901166860418
0.00473196888618
-0.0126470389743
-0.00149025466537
-0.00555917352211
0.014058641374
0.00921325440145
-0.00561885559271
0.0119357762497
-0.00645019537135
0.00845425817731
0.00438450018758
-0.00809550120547
0.0107933587213
-0.0100442799738
0.00946357578139
0.0036941631755
0.0029000233956
-0.000676119108923
-0.00800931249825
0.00951132605901
-0.00908440780395
0.000305228785948
0.0139119177552
-0.0
-0.0
-0.0
0.0031559308729
0.00127428355171
0.00166362525731
-0.00256696517158
0.00938162303877
-0.00169748526988
-0.0188574990388
0.000913396563845
0.000668448417664
0.00530548745837
0.00297460506953
-0.0046128519651
0.00249978325484
-0.00514258797916
-0.00440629310515
0.0101975671481
-0.0150217249702
0.00918786430255
-0.00685661909216
0.00597342540039
0.00716527113757
-0.00108028043408
0.000437381619846
-0.00223234720344
-0.00359537177877
-0.0
-0.0
-0.0
-0.0040480485628
-0.00913131099874
0.00860757311376
-0.00337360458423
-0.00488587282188
0.0225177129759
-0.00304914969131
0.0115907297977
-0.00195296741349
-0.0019801297646
0.0001927355199
0.00336379681797
-0.00199812336115
0.00139780896127
0.0011413716387
-0.00292239013015
0.0130034282734
-0.00815348381508
0.00228338685088
0.000881649069403
0.0105740538475
-0.00364921124515
-0.00011064564736
-0.000722046522135
-0.00249331710091
-0.0
-0.0
-0.0
-0.00401370981665
-0.00687112576418
0.000180794082761
0.000273485286775
0.00461141793689
-0.00167505684408
-0.00931935636198
-0.00386630883968
0.000853428233183
-0.00840588702492
0.00953083067754
-0.0123683148096
0.00759758975051
-0.00410135773939
-0.00119118252456
0.0038435953736
-0.0106797100235
-0.00272976684915
0.0167400002525
-0.0217889119412
0.00699056413774
0.00541230093957
0.00699183605464
0.00153515471063
0.000957721847865
-0.0
-0.0
-0.0
-0.0
-0.00130431028152
-0.00117280086181
-0.000710995967229
0.00128471460048
-0.00439274631344
0.0154965907485
-0.0101772134589
0.00988529340976
-0.00509433464719
-0.00403185926947
0.00727992651412
-0.00491424820532
0.0125484496471
-0.0151689281981
0.00819118085371
-0.00341536818445
0.00428429487928
-0.000921457908237
0.0150498367691
-0.000354155556964
-0.00209190020215
0.00861576883397
0.00188982376792
-0.0
-0.0
-0.0
-0.0
-0.0
5.51023704447e-07
-0.00126465336407
-0.0164317183644
-0.0217568409648
-0.0154051582011
-0.00972145130146
-0.0108336487979
-0.0115753493852
-0.00976712433526
-0.00753897397742
-0.0128785949412
-0.0136514557667
-0.0145619953889
-0.00638545861032
0.00169679119741
0.0172465729407
0.00602392028956
-0.0146866371666
-0.0100573433626
-0.00428897791241
-0.00578495430634
-0.00126783045223
-0.0
-0.0
-0.0
-0.0
-0.0
-0.0
3.38187636709e-07
4.06276976367e-06
1.72278810265e-05
4.8670368622e-05
-0.000422729228174
-0.00265337205127
-0.00824237016628
-0.00816896922173
-0.00328056251913
-0.00395903983437
-0.00275399658584
-0.00119700795357
0.000159576607262
0.000160689700042
-0.000334509698903
-0.0125210898471
-0.00986927551517
-0.000240610132324
2.3204871428e-05
8.46805063141e-06
3.60482939307e-06
-0.0
-0.0
-0.0
-0.0
-0.0
-0.0
-0.0
-0.0
-0.0
2.64939420959e-06
5.6987868572e-06
1.19052419689e-05
7.18586832139e-06
-1.27845807748e-05
-1.98410768879e-06
2.43661709161e-05
-0.00127765893623
-0.00301521334047
-0.00142225296228
2.97937322388e-05
2.59589427386e-05
1.88252799843e-05
1.35371534081e-05
8.83982717464e-06
3.64494546464e-06
3.54510727068e-06
2.39973679019e-06
-0.0
-0.0
-0.0
-0.0
-0.0
-3.77413948914
