-0.0
-0.0
-0.0
-0.0
-0.0
-0.0
-0.0
-0.0
-0.0
-0.0
-0.0
-0.0
-0.0
-0.0
-0.0
-0.0
-0.0
-0.0
-0.0
-0.0
-0.0
-0.0
-0.0
-0.0
-0.0
-0.0
-0.0
-0.0
-0.0
-0.0
-0.0
-0.0
-0.0
-0.0
-0.0
9.13802126304e-07
3.17179731009e-06
4.3674766917e-06
3.79402688289e-06
6.7124992494e-06
4.24830537966e-06
3.89357024226e-06
2.2539522203e-06
2.70090356158e-06
9.25692718352e-06
7.67194746186e-06
5.71251144724e-06
-1.3608591566e-05
-4.85501990444e-05
-1.08672898546e-05
5.5651321338e-07
-0.0
-0.0
-0.0
-0.0
-0.0
-0.0
-0.0
-0.0
-0.0
4.23159392962e-07
1.35449616595e-07
4.25036350682e-07
1.2542116898e-06
7.0406291275e-06
1.384804601e-05
2.77677105229e-05
3.02533214469e-05
3.11981371963e-05
-1.71830933958e-05
-0.000455909540921
-0.0033404093482
-0.0131284860042
-0.00674804179591
0.000151535592505
3.99631170439e-05
-2.09583023469e-05
2.53146413986e-06
2.77977191499e-06
1.80000033379e-06
8.72002712054e-07
-0.0
-0.0
-0.0
-0.0
-0.0
-0.0
-0.0
1.32038939625e-07
9.8374203567e-07
4.01689769663e-06
-0.0030861233642
-0.00949177081002
-0.0145902551856
-0.00251419095166
0.00360850211595
-0.000130121664339
-0.00266302382537
0.0114455900238
0.00695946421864
0.0121843886254
-0.00358221789958
-0.00857017953417
0.00498334366738
0.00854424517834
-0.000120341578393
-0.00391163861865
-2.56311563879e-05
2.70204330116e-06
-0.0
-0.0
-0.0
-0.0
-0.0
-0.0
1.23652249291e-08
6.28349765316e-06
-0.0100912233708
0.00288046000359
-0.00700842281486
0.0214762841097
-0.0210779442541
0.0120847260087
-0.0122580045299
0.00576163909921
0.000734558807466
-0.000367729018922
-0.00190605195319
0.00320429171572
-0.00632185745556
0.0034433398796
-0.00115784817091
0.00332431475395
0.00154838906168
-0.0152249847012
-0.00635592867256
2.45865472634e-05
2.39351660943e-06
-0.0
-0.0
-0.0
-0.0
1.26303073698e-07
0.00157779822351
-0.0100128668196
0.0124135922521
-0.00257015132404
-0.00427514448695
0.00728258720468
0.000657701445162
-0.00339630965455
0.0102617784911
-0.00206650769309
0.0044578466475
-0.00875598887069
0.00534459131917
0.00466647362162
-0.000171902610955
-0.00253448550454
-0.00789604056147
-0.00512838725478
-0.00505867002394
-0.00492272915843
0.0193820214226
-0.00563324464103
2.64954210293e-05
4.42629414387e-06
1.31602188809e-07
-0.0
-0.0
-0.000307629965594
-0.00404556809245
-0.00220654900795
-0.00254350766541
0.0121255440564
0.0012886468173
-0.00929902207492
-0.00185376220072
0.0092760859856
-0.00424202654993
-0.00629429293352
0.0251768419006
-0.0121604466535
0.00235320383491
-0.00305397960409
-0.00245521573221
0.00186961928504
-0.00156713718845
0.0125077552869
-0.0147435781513
-0.00124708752268
-0.00798774417954
-0.0111999109233
8.24289216029e-05
1.45488888294e-05
4.82391569845e-06
1.63992445899e-07
-0.000945439179492
-0.00977476864396
0.011470357241
0.00806811490581
-0.0168767978052
-0.0104769899504
0.00990840263103
0.00846883531349
0.000491641091614
-0.00206531060166
-0.0070370018348
0.0105871077057
-0.0203470926217
0.0164787337294
-0.00391881379587
-0.0025365188278
0.00397875811395
0.00846291412869
-0.0079473548122
0.00148484338108
0.00152090526344
-0.00120536254959
-0.00466854942495
-0.00734405753632
0.000126519911808
3.05201133505e-05
3.20689091906e-06
6.66437386516e-07
-0.00314130495787
-0.00732674684917
-0.00124795867905
0.0183470693238
-0.00239352335358
0.0169828532424
-0.00499698416578
-0.0101386043301
-0.00644791390949
0.000537695001023
0.00840820734262
-0.00643153455806
0.0170807803772
-0.0139682485168
0.00430928041313
0.00539265356044
0.00296667648082
-0.0051793132912
0.00449263430788
-0.0019123750224
-0.0147253564426
-0.00525198505881
0.00372123369127
-0.0209057876863
2.39033486948e-05
2.30164790655e-05
2.99679986326e-06
1.08165230316e-07
-0.00142656047071
-0.00323507299055
0.0170076880367
-0.00414998613488
0.0140682628201
-0.00980041747094
-0.0129956727469
0.0104407969067
0.00261332516238
-0.00656669215022
-0.0118395233276
0.00549330116309
-0.0094298766655
0.00870997360609
0.00376309249985
-0.0020852015576
-0.00508770797468
0.00842146462006
-0.00837575587313
0.0153361723289
0.0176598818781
0.00609801265008
-0.00929571563256
-0.0319803085572
-0.0016173103553
9.28302957777e-06
6.62819894851e-07
-0.0
-0.000300662323264
-0.000898113115577
0.0103283453355
-0.00208113262374
-0.0059670655312
0.00938820691451
0.028155599963
-0.022796389023
0.00394806275092
-0.0132643845012
0.000191914715245
-0.0130015405813
0.010142764839
-0.00800020117146
0.00176344557026
0.00229986802528
0.0112213115217
-0.00125219957854
0.0124368483412
-0.0136367792463
0.000815995180304
0.00206245967973
0.010944984956
-0.0217902546795
-0.00283449471652
2.283404256e-06
-0.0
-0.0
-0.000127776343993
-1.85666256368e-05
0.000528226669368
-0.00270910235842
-0.0154758630228
0.00729131768515
-0.00675298221024
-0.00573120792026
0.00325160581851
-0.00609621887431
0.0126065024896
-0.00426868320956
-0.0184690573101
0.0185340687684
-0.000943549412537
0.00719970924539
-0.0063767137709
-0.00450837004067
0.000608235166667
-0.000744370869989
-0.00888503409699
0.00921757752055
0.0144676568021
-0.00486307144353
-0.0021655402103
2.22553804869e-06
2.40544124003e-07
-0.0
1.54195033015e-06
6.48697971113e-06
3.35077106394e-05
0.000140100278413
0.00561516100859
-0.0459234127015
0.00151880289576
-0.000132192341379
0.00240087346253
-0.0178027917314
-0.00494549934986
0.0177448282904
0.00475303926581
0.00578995327197
-0.0040429654681
-0.00736569779209
0.0136952924445
-0.000270853757511
0.000470587769822
-0.00903953803138
0.00158894314198
-0.0254393987169
-0.0325251430187
-0.00127556337281
1.98001568887e-05
3.42611131181e-06
8.24722710925e-07
-0.0
1.58812649838e-06
5.76442458181e-06
2.5700946473e-05
0.000118126283648
0.00137317074446
0.00031905723947
0.0133542327166
-0.0124890068237
0.00475556242831
0.00663873236057
-0.00288668457637
0.0022932451517
-0.00678773614535
0.00740842612567
0.00452838787786
0.00595754781448
0.00238464611997
0.00446905127685
-0.00850905402407
0.0107596354915
-0.00391216262675
-0.00553146842012
0.00593719901477
-0.00443786943052
2.69503608598e-05
9.9801419275e-07
-0.0
-0.0
7.0541392476e-07
1.79448790293e-06
1.94150646143e-05
-0.00420057495538
-0.0301845313064
0.0366889871127
-0.0107594489758
0.0103979878514
0.00533101825662
-0.00931024797674
0.00470622719513
-0.0064490288172
0.00889839518744
-0.00362990630469
0.00662901170472
-0.0144962529975
-0.00502703689804
0.0136380691838
-0.0189724140798
0.0246804584963
-0.0139857657709
-0.0154000934464
0.00472929886715
-0.00855637658028
1.88457480605e-05
6.87009037523e-07
-0.0
-0.0
3.49792028868e-08
1.07269555486e-06
-0.00256707748506
-0.0133801054636
-0.0100616960432
-0.0203617744483
0.00450962520614
-0.00946834853573
-0.000937573799576
-0.00479367764388
0.00941718490261
-0.00097990714088
-0.000615664489902
-0.00715466634192
-0.000268457412239
0.0155519729446
0.00286515505718
-0.0181122704995
0.00855384362232
-0.0157102173287
0.00561465008476
0.0337516983639
-0.00202249766403
0.0128976982281
1.82271162603e-05
0.00901256807801
4.75860849407e-08
-0.0
-0.0
0.00188895891407
-0.0050707815844
0.0160653870184
0.00201928629789
-0.00424500631235
-0.0170908088105
-0.00529518401625
-0.00670391784154
-0.00764310566271
-8.49820056411e-06
0.00817500876499
-0.0045138420934
0.0139589896163
-0.00467643640461
-0.0139495183657
-0.0104266859073
0.00703332615583
0.00623788196124
0.0016346051085
-0.00306278381465
-0.0076832837516
0.00823596901963
0.00222927094115
-0.000864572185882
4.14755796393e-06
8.72411557503e-08
-0.0
-0.0
0.00337903313548
0.00325046020405
0.00492873329649
0.0100461340426
-0.00715093226547
0.00679012286578
0.00379422527987
0.00971379832943
-0.000771694638313
-0.0218156730225
-0.00904236551747
0.016156727193
-0.0205444563093
0.0105620169632
0.0113838880031
0.00753079005972
0.0041526949026
0.00256459890617
-0.00368781198647
0.00395870728331
0.00695839129409
-0.0103145518083
-0.00477361805224
-0.000754417250414
7.25398148e-06
-2.03818145854e-08
-0.0
-0.0
-0.00337365279084
0.00915237316107
0.00950218834249
0.000452871791194
-0.0116408991902
-0.00122304482949
-0.0108804426082
-0.00407714828466
-0.00841239485083
0.0160744758301
-0.0167306940952
-0.0220958226062
-0.0106540524216
-0.0107676600477
-0.00361266998767
-0.00173619317169
0.00408286928612
0.0114251556595
-0.0110642882753
0.0153209414246
0.00761585508075
-0.00913256648807
0.0157679069198
-0.0103743213536
2.92095846966e-06
-5.99134513685e-06
-0.0
-0.0
-0.0227269237915
-0.00163748361421
0.00292742529331
0.0123610108549
-0.00934760444061
0.00206643516663
0.011482784969
-0.0113628591227
0.00659675475821
-0.00813873142609
0.00664770202671
0.0180708143717
-0.00149730520098
0.000973874077272
-0.00383418471165
0.00496320250491
-0.00739097854267
-0.00369601044169
0.00443885686377
-0.00906677696926
-0.0110402344844
-0.00134910209688
0.00522867210758
-0.00871989639874
-3.04413387355e-07
-2.3864396065e-06
-0.0
-0.0
0.00531023103846
0.0188357924043
-0.0274166394242
0.0203084894165
0.00151331448226
0.00673971412099
0.00737760032686
0.00292852190133
-0.0125922314758
0.00335004533703
-0.00697467724701
-0.000890814515155
0.000164857857136
0.00716978300729
0.00359811431195
-0.00205403808343
0.00172115515933
-0.00808797204925
0.010670087559
-0.00243332276454
0.00678138072195
-0.00316229213729
0.00791309351565
-0.00370826906774
-4.48599836509e-06
-0.0
-0.0
-0.0
0.00405116967598
-0.000728505285164
0.0243720499194
-0.00812462359512
0.00522632952716
-0.000229540525868
-0.00729749224853
0.00195520963616
-0.00265979056716
0.00401726689433
-0.00484330011711
0.00333273505251
0.00138070338711
-0.0112919329738
-0.00104504649972
0.00101872537821
0.0139862888897
-0.000112076273407
-0.0102199895375
0.00159892792967
-0.0027340311109
-0.00963851053641
-0.00878926859785
-0.00380681216417
-1.37798271568e-06
-0.0
-0.0
-0.0
-2.25404819563e-06
-0.00235359840539
-0.00123565251198
0.00047063448834
0.00374309658481
-0.00699514614084
0.00330349104113
0.000639486486806
-0.00942756739958
0.0057581501292
0.0010111270412
0.000932689776674
-0.00598190290896
0.0207606318123
-0.00831260414836
0.0059652893584
-0.0192803556348
0.00154476164417
0.0166671268291
0.0160385613959
-0.00762572576973
0.0010958726487
2.19864765805e-05
6.31476346142e-06
7.19419340477e-07
-0.0
-0.0
-0.0
-4.75507734378e-07
0.0102977956754
0.0236714339908
-0.0137622827886
0.00608888496898
0.00594564190465
0.00150686684279
-0.00236219642421
0.00802488179903
0.0050914040056
-0.0113392564933
0.00231134535854
0.000276970695741
-0.00331168990625
0.00537146079596
-0.000482445521065
0.000512208961065
0.0154459136109
-0.00885248478541
-0.0183784996645
-0.0252965195246
-0.00299228522633
5.78669029412e-06
6.25656869287e-07
7.04746251481e-07
-0.0
-0.0
-0.0
-0.0
0.0276888963759
0.0301355543814
-0.00932493558295
-0.0024170805294
0.00629679818209
0.0137375796037
-0.00779731053643
-0.00176987961439
0.000233673647619
0.00108119750076
0.00691185374117
-0.00809606937806
-0.00320706769091
0.00781632686197
-0.00539536831346
-0.000151464774503
0.00197787509278
-0.00795639511643
9.0461280539e-05
0.0142479982408
0.0030957244616
3.13668801543e-06
1.94464789214e-07
-0.0
-0.0
-0.0
-0.0
-0.0
-1.48213141035e-07
2.78170962028e-06
-0.00811138435322
0.00715379720154
0.00476336777634
-0.00153242656753
0.00814777022532
0.0123545300957
-0.00633679825686
0.00281727329852
0.017314015547
-0.00950148957427
0.0219639592061
-0.0101662773814
-0.0232499786017
0.00995404591788
0.00209495258886
-0.010164976651
0.00786136030615
0.00988549621243
3.50735961889e-06
1.14135781319e-06
-0.0
-0.0
-0.0
-0.0
-0.0
-0.0
1.13136060067e-07
1.38463913272e-06
3.14462827315e-06
-0.000135161283845
-0.00368588603386
-0.0168610792255
-0.01069570614
0.00454656372182
-0.00766535325636
0.0024111483037
-0.0100274691403
-0.00927520588673
-0.00798661739752
-0.0166233906281
-0.000879297258131
0.00299309136808
0.00477546706749
0.00729550466865
-0.00389260663077
-0.00495131138022
-0.00368145479247
-0.0
-0.0
-0.0
-0.0
-0.0
-0.0
-0.0
-0.0
-0.0
1.2413233098e-06
2.87183175206e-06
5.56176908601e-06
7.09016151411e-06
5.56563340732e-06
6.54416921841e-06
7.66520762159e-06
-2.37438765078e-05
-3.05742239488e-05
-1.9417976899e-05
-1.14167321003e-05
3.81075887758e-06
1.00210169364e-05
1.31419800723e-06
2.71152945989e-06
2.46296508222e-06
2.24326287615e-06
1.543800542e-06
-0.0
-0.0
-0.0
-0.0
-0.0
-8.85527889423
