-0.0
-0.0
-0.0
-0.0
-0.0
-0.0
-0.0
-0.0
-0.0
-0.0
-0.0
-0.0
-0.0
-0.0
-0.0
-0.0
-0.0
-0.0
-0.0
-0.0
-0.0
-0.0
-0.0
-0.0
-0.0
-0.0
-0.0
-0.0
-0.0
-0.0
-0.0
-0.0
-0.0
-0.0
-0.0
1.98005081711e-06
5.81069219223e-06
6.97404526804e-06
-0.000332073409049
-0.00207673391082
-0.000901258894699
-0.00551603618844
-0.00268465739982
-0.00125132544678
-0.000276002539207
-0.000149065199967
-9.26454504731e-05
-3.61292522476e-06
-7.00480412479e-06
1.10558805344e-06
2.33420437379e-06
-0.0
-0.0
-0.0
-0.0
-0.0
-0.0
-0.0
-0.0
-0.0
1.02558080586e-06
-4.65896066435e-07
-2.65195656917e-06
2.94922648747e-06
1.73854985803e-05
-4.04579556566e-05
-0.00274392265283
-0.00388082665305
-0.00292727426188
-0.00574956463855
-0.0080165427457
-0.00537702091363
0.000459981451174
-0.00855821301098
-0.0037198429897
-0.00108322857455
-0.00037372976132
-0.00156747399396
-0.00116919570779
2.99089578307e-06
1.22329577952e-06
-0.0
-0.0
-0.0
-0.0
-0.0
-0.0
-0.0
3.03463751381e-07
-3.099860966e-07
2.23975949525e-05
3.50735045004e-05
7.72338828416e-05
-0.00351478170756
-0.00805485184484
-0.00820303456132
-0.00336945338785
-0.00796940354532
-0.00392683556017
-0.0045828678477
-0.0041588839517
-0.00540344922258
-0.00368592624293
-0.0030033504292
-0.00253128313873
-0.00392305548628
-0.00288531491615
-0.000467722345689
-4.85840708634e-05
-0.0
-0.0
-0.0
-0.0
-0.0
-0.0
1.61151369773e-06
0.00103376057842
-0.000790086469375
-0.00567248555995
0.000870012774348
-0.00131526872042
-0.000629612170467
-0.000443556997033
0.00106435694926
-0.00286444654556
-0.00153144922699
-0.00158492419161
0.00381308094824
-0.00403130424364
0.000815260386495
-0.00572905642802
-0.0020417661847
-5.82451390361e-06
0.00173863503062
0.00705322106906
-0.000341398415611
0.00202155766314
-0.000406960836722
-0.0
-0.0
-0.0
-0.0
3.93017779319e-07
-0.000506905318014
0.0011565141385
-0.000446973040908
-0.00556780073807
-0.00265381473324
0.00215580821704
-0.000403657101925
0.0026257596945
-0.00174953048092
0.00144224665782
-0.00170536352104
0.00144561995995
-0.00270633177043
0.000183758685693
0.00581049825358
-0.00389889188026
0.00253962057084
0.000961603515701
0.0012169571759
0.00565548194376
-0.00244977184078
-0.00367638137915
-0.000177764201481
7.7335556058e-06
1.96530631422e-07
-0.0
-0.0
-2.92811415322e-06
-0.00134552718148
0.00377923141729
0.00487432416333
0.000550783256573
0.00183141610768
0.00385233661052
-0.00235156282862
-0.00314856497873
-0.00163984215568
0.000189067511483
-0.00366462303286
0.00263893543217
-0.00534980926732
0.00416763919579
-0.00400780095822
-0.00509995159785
0.000628434347906
0.00286895874239
-0.00019079981595
-0.00113831972606
0.00521400520263
-0.00256225267707
0.00282621805986
-0.00438893652572
1.06414803333e-05
9.92796829267e-07
8.30007440858e-06
1.55239839757e-05
-0.00245428834494
-0.00163761944779
0.00311878476101
0.000649020353962
-0.00571757656921
0.00570965511528
0.00171205286903
-0.00260231151489
1.30614143573e-05
-0.00170467038628
-0.00328976075072
-0.00167391030953
-0.0019805618836
-0.00794043311446
0.000174255682522
0.00428884192391
-4.06831417338e-05
-0.003778492878
0.00504419580397
0.00150297057998
0.00182131097039
-0.00100703020846
-0.00141736974298
-0.00755526140363
-0.000191577399464
4.03455732721e-06
1.31697810979e-05
2.72281370422e-05
-0.0044123075246
0.00353894730649
0.000629943560526
-0.00104655576521
-0.00119186910497
-0.00624419598284
0.000803042969925
0.00191862286317
-0.00524202112253
-0.00420304139349
0.000743978136585
-0.00229773008907
-0.00249954573127
0.00268042910338
0.000370019109688
-0.00328968766283
-0.00218759575693
0.000801020729455
-0.00183823135423
-0.00121924395683
-0.000363496196228
-0.00035512836447
-0.00208547315194
-0.00545058963136
-0.00352057296654
6.54823440545e-07
1.03698402577e-05
-0.000241012233923
-0.00356946014882
0.00492746276037
-0.00142939690852
0.00224510593884
0.00473729430139
0.00144914338874
-0.00539321786477
0.00612365477275
0.00425734620152
-0.00382379549996
-0.00160400570087
-0.0016521754281
4.9173275519e-05
0.000614057289718
-0.0017859810208
-0.00439087836704
0.00535631012809
-0.00245478209504
0.00284692960566
0.000411247415712
-0.0028666490204
-0.00474440300469
0.00795831405075
0.00343444773999
-3.89665629756e-05
-0.0
9.45612786344e-06
-0.00162721119908
-0.00458845819841
8.51413105814e-05
-0.00691499982364
-0.00359465546751
-0.00240501379585
-0.000479332067885
-0.0041586033608
-0.0014140764306
0.000508923971026
-0.00218832962903
-0.00289819460253
0.00030475402448
0.000860414339355
-0.00336986218072
0.000635198623813
0.00340809088736
-0.00509189808556
-0.00659536322364
-0.00127086476416
-0.00179596973189
0.00185141591017
0.00497973299037
0.000643951809859
-0.000705464986103
-0.0
-0.0
6.78118772595e-05
-0.000248267674961
-0.00524997460665
-0.00231067203929
0.000295692465166
0.000991552448711
0.00469642610271
0.000699750123868
0.00119552797441
-0.00219692941708
0.00244062365442
0.00555981063611
-0.00646488524032
-0.00627318077037
-0.000493653147072
0.000912198544406
0.00167027058599
-0.00216676264918
0.00421744122515
0.00153026693029
0.000756893905624
0.00332415330904
-0.0052007382447
0.00133160253618
-0.00379048496437
-0.00303215081508
4.64041235085e-07
-0.0
0.000606218300582
0.00120762437032
-0.00360446185
-0.00546241425869
0.00640407834134
-0.00253724923759
-0.0016317588651
0.00101608136489
0.00298486194412
0.00126975167943
-0.00100190913419
0.00074383341137
0.000728007645465
0.00277934696622
0.00115912900969
-0.00122641914935
-0.000247445978882
-0.00164970027678
-0.00165354937527
0.000673200480882
-0.00133936197315
-0.00444505851435
0.000754891892768
-0.00047604467015
-0.00679793454147
-0.00899086033824
1.59099852044e-06
-0.0
0.00119098690227
0.000458502477753
-0.00331758063433
0.00627600286216
-0.00350124466904
-0.00254671344707
0.00123326715041
0.00228153412996
0.00171775649532
0.00220532770983
0.00426763238274
0.00819438087472
-0.0036909003814
0.00230259418755
-0.00257899374385
0.00124420330603
0.00401495629743
0.00457892345373
-0.00264004362035
0.00520447994655
0.00448176458437
-0.00584881368186
-0.00311058976105
0.00239702141403
-0.005899574956
-0.00500537541772
-0.0
-0.0
0.000569333910436
0.00118807246198
-4.65186411607e-05
0.010210427376
-3.01141436502e-05
0.00478215484505
0.00432702111903
-0.00430241785322
0.00137474527375
0.000336982697754
-0.00150385690241
0.00228863784229
-0.00530764254339
0.00187598683397
-0.00280852582326
0.00331175886641
-0.00216267872798
0.00114611791175
0.00339018289268
-0.00429177035384
0.00325844137066
0.00426307426905
-0.00132180307539
-0.00339347393369
0.00897023946023
-0.000404493028395
-0.0
-0.0
2.82314335753e-05
0.000865763962977
-0.000854716282617
0.0016763432687
-0.00498265077237
0.00363249632958
0.00167503953417
0.00202274391488
0.00572051690461
-0.00224922328332
0.00354577274851
0.00251307366035
0.000398668481522
0.00075550999902
0.0020403301451
0.000573879710475
0.00143968254671
-0.00228841572542
0.000152264668664
-0.000851052038225
-0.00713080690776
0.00336302629787
-0.00627725479025
-0.00415543963728
0.00298913367075
-0.00114384259768
2.50257073979e-07
-0.0
-0.0
-2.84037746246e-05
-0.000709467993326
-0.00772521594479
0.00344233703767
-0.0036579094348
-0.00376018645149
0.00748383305626
-0.00545678903243
0.00244611442448
0.0020337738715
-0.00255737939319
-0.00155877824783
0.00090032893472
0.00597074588393
-0.000755970803857
-0.0011371523428
0.00332218876327
0.000808936212276
0.00394003043937
0.00420623246226
-0.00182121090996
0.00521243470805
0.00118524423053
-0.00874533739173
-0.00201714730635
4.58804635621e-07
-0.0
-0.0
-3.69657669528e-05
0.0038824320067
-5.25561853382e-05
0.00125225596292
-0.00556331154886
0.00681712577721
0.000666825260178
0.00201054989895
-0.00356641651063
-0.00155650916222
0.00239653950638
0.000653548372922
0.000827689207912
-0.00550617083411
0.0069739287673
0.0013084607743
-0.000652683090693
-0.00164068424191
-0.00223559220193
-0.00278732395989
-0.00304402950555
0.00570145590957
-0.00228019593718
-0.00132585723939
-0.00392537961437
-1.12818663052e-06
-0.0
-0.0
-0.000574247300228
0.0024272413227
-0.00945205675784
0.00265682956996
0.00144365246833
-0.00455903901004
0.00313426083612
-0.00173809856639
0.00112524330381
-0.0087445803519
0.00826750583325
7.2075394707e-05
0.00509553834863
0.00245279045336
-0.00592588546446
0.000170837521697
-0.00414265857873
0.0043240066689
0.00505162347896
-0.00160549436893
-0.00458096788061
-0.00170948037897
-0.00587981222545
4.26850425158e-05
-0.00093830852109
6.55649946549e-07
-0.0
-0.0
-0.000787540599477
0.000108993984851
-0.00619299214288
-0.00298875358417
0.00602337684898
-0.000894581193078
-0.00935149348903
0.00183076938701
-0.000519759044197
0.00146095022463
-0.00483464915223
0.00146425594035
-0.00151020105686
0.00434193570158
0.00235606535201
-0.0017019077486
0.000347537268177
-0.00323730027153
-0.00362706490241
-0.000974719124901
-0.00636039794433
-0.00363228929838
-0.0010620700442
6.31670565889e-05
2.27072870115e-06
1.77295093316e-07
-0.0
-0.0
7.17386223305e-05
0.000321094062281
0.000956865338555
0.000506844167385
-0.000156729518414
-0.00284486611211
0.00168081496001
0.00153270619038
-0.0105157652809
-0.000546885422764
0.00175302095562
0.000790279970373
-0.00374538651479
0.0061468771175
0.000200565013566
0.000650282608046
0.000703878854591
0.000599700153417
-0.000930777934291
0.00149649446018
5.99854747027e-05
-0.00120687308642
-0.00255179886842
6.53341179579e-05
1.48910170696e-05
-0.0
-0.0
-0.0
5.41035007561e-05
0.000301293310721
0.00082875502292
0.000134533415055
-0.00318136358992
-0.00673217189774
-0.00393171357943
-0.00142311494255
0.00471366951974
-0.00399412637164
-0.00301371223304
-0.00159725870027
0.00203096932879
-0.00679420530708
-0.00198756101189
0.00150322775554
-0.00380637436219
-0.00203688986062
0.00389477838023
0.00153659206542
0.00522722885612
-0.00167702634962
-0.00113420199549
4.86723234091e-05
1.14621806365e-05
-0.0
-0.0
-0.0
2.02631678487e-05
0.000155229109858
-0.000201851093929
-0.00194014357706
-0.0066589343234
0.000463920936821
0.000791986090497
-0.00183117538805
-0.00498875905243
0.00304245632256
-0.00488710268735
0.000897001430883
-0.00284884298806
0.000369938144237
-0.00198010383225
0.00121336568306
0.00474692046531
0.00277741492501
-0.0029073070272
-0.000571417707837
0.00412498226964
0.00132909535921
0.00218534648708
3.00883591576e-05
5.99384965831e-06
-0.0
-0.0
-0.0
2.38194089471e-06
2.23774471499e-06
-0.00146290070224
-0.00244706438103
-0.00320169771887
-0.00266462571806
0.004896771795
0.000597776161815
-0.00405801952603
0.000311354059682
-0.00180573484137
0.000592823216508
-0.00416715694092
0.00194681163497
0.00286625620383
-0.00135416714907
0.000667334827989
-0.00147592363566
-0.0012302183456
0.00185643996255
-0.00473052820297
-0.00175127551785
0.000103545723282
2.05752346905e-06
2.19394598113e-06
-0.0
-0.0
-0.0
-0.0
-3.74372819892e-05
-0.000273639059573
-0.000472413081637
0.00308342048383
3.60374556493e-05
-0.00278291699338
0.00441319384837
-0.00159226341521
-0.00247359893807
0.00238638049134
-0.00249815061537
0.00271941817098
-0.00460672581558
0.00347952564803
-0.00314223434689
-0.00114155927049
-0.00100220245594
-0.00713679837525
-0.000492536960387
-0.00102687690668
-0.00203308094428
-0.000311622804722
5.01585312391e-07
-0.0
-0.0
-0.0
-0.0
-0.0
6.51473786217e-07
-9.87752160958e-06
-0.001093167719
-0.00296344227099
-0.00752903453638
-0.000420829771077
-0.00379204792593
-0.000634152547197
-0.00207783273499
-0.00726217695795
-0.00378278144573
0.00324320626496
-0.00194040865426
-0.00542922246215
-0.000831003531524
-0.00151172979169
-0.00729441264426
0.00329559090866
-0.0032761788069
-0.00243455377274
0.00837097377861
0.00188564060453
-0.0
-0.0
-0.0
-0.0
-0.0
-0.0
-3.50073141785e-07
-0.000378496100069
-0.000733497950052
-0.000332931409548
-0.00272978984634
0.00343373565728
-0.00385543649596
-0.00568391322373
-0.00148214004734
-0.00094178081998
-0.00292751352635
-0.00789863480572
-0.00620818460114
-0.00636913226059
-0.0100358232684
-0.000472973623877
1.03407698434e-05
-0.000331462973799
-0.00123453950348
-0.00116849677711
-0.000607938795833
-0.0
-0.0
-0.0
-0.0
-0.0
-0.0
-0.0
-0.0
-0.0
1.58879613014e-06
1.35145204855e-06
-3.56684036867e-05
-7.06161341227e-06
2.21050818162e-05
2.85640154659e-05
3.6163452095e-05
6.68102672192e-05
5.48325108669e-05
3.57048097046e-05
-0.00243987391576
-0.000657178363831
2.59452997661e-05
4.29792800257e-06
1.47485050229e-06
-3.09747112837e-06
-6.9776910302e-05
-4.42744635382e-05
-0.0
-0.0
-0.0
-0.0
-0.0
-1.04097532706
