-0.0
-0.0
-0.0
-0.0
-0.0
-0.0
-0.0
-0.0
-0.0
-0.0
-0.0
-0.0
-0.0
-0.0
-0.0
-0.0
-0.0
-0.0
-0.0
-0.0
-0.0
-0.0
-0.0
-0.0
-0.0
-0.0
-0.0
-0.0
-0.0
-0.0
-0.0
-0.0
-0.0
-0.0
-0.0
8.26842465983e-07
2.9024273271e-06
4.02795997085e-06
3.4549912612e-06
3.46061041754e-06
-0.000182376268039
-0.000444552089185
-4.73376091791e-05
3.84991080369e-06
9.29288135289e-06
7.01295652498e-06
5.05955267834e-06
9.37135774122e-07
-1.28855014793e-06
3.76809299136e-08
3.19516456907e-07
-0.0
-0.0
-0.0
-0.0
-0.0
-0.0
-0.0
-0.0
-0.0
3.22876884526e-07
1.04522340113e-07
3.2974414971e-07
1.42128144602e-06
7.2419835639e-06
1.26894054669e-05
2.15900456838e-05
-0.00043775191978
-0.00771674111646
-0.00944283618435
-0.0109909969116
-0.0108145716447
-0.00804703157406
-0.0110420758392
-0.00677687254098
3.77779176548e-05
-0.000161322784193
-0.000326921705452
-0.000189114305294
1.55517238997e-06
7.14727139521e-07
-0.0
-0.0
-0.0
-0.0
-0.0
-0.0
-0.0
8.65169729225e-08
3.73194096161e-06
1.10809232478e-05
1.6782238749e-05
-0.0022384342618
-0.00288223436635
-0.00923536728034
-0.00689427304588
0.0220898587539
0.000398876621031
0.00558066968141
-0.00955736048406
0.00895980847629
-0.0110783624909
-0.00403732603215
0.0110934595751
-0.0145090308953
0.00556593472541
0.00788004316077
-0.00241215276206
1.49291620217e-06
-0.0
-0.0
-0.0
-0.0
-0.0
-0.0
4.79941954803e-07
3.2831084787e-06
-0.00372419393346
-0.0063931184633
-0.014434446124
0.0040796682462
0.00584019582362
-0.00361019881921
-0.00166832402344
0.00094207595274
-0.00187330951793
0.00211810131291
0.00327226756912
-0.00705697863863
0.00291275523857
-0.00207999301608
0.0018819265027
-0.000621493096371
-0.00615451932676
0.0111146294065
-0.00809217440076
0.0107398685302
0.0222248652293
-0.0
-0.0
-0.0
-0.0
4.54325843109e-07
-7.65660258859e-05
-0.0012442369126
-0.00498676719602
-0.00163299128316
-0.0129460590933
0.0119642776893
-0.00486543611126
-0.00642193704367
-0.0041538580338
-0.00185081385023
0.000855722812611
0.00516139082427
-0.00697628587265
0.000859036094904
0.000914733272112
0.00642734966057
-0.0025276667899
0.00482979405356
-0.0012966963956
0.00450952353101
-0.0023752518056
-0.000364619841949
0.00957832636915
-0.00569700887677
2.93211183554e-08
-0.0
-0.0
5.62080808282e-07
-0.000155633982167
-0.00667117795401
-0.009409262104
-0.000793183472406
-0.00526183591919
0.00513453800447
0.00648976689518
-0.000792845880057
-0.00178577122232
0.00857109566756
-0.0105953704503
0.00426238804053
0.00198018280374
0.00014767444595
-0.0054899300399
0.000257926607502
0.00369070801008
-0.000919210557193
0.00354394225446
-0.00384660766167
0.00075996204935
0.01314655203
0.00169547850249
0.00914105052537
-1.37261177586e-05
1.48108432803e-07
-0.00211416260317
4.22531333632e-06
-0.000104014343999
-0.0116414167941
0.00031803656719
0.00783161706624
-0.0141753700555
0.00189618942493
-0.00569868113829
0.00289001933409
-0.00294641275565
0.00471905322345
-0.0048950145612
0.00487405760054
-0.00250166291611
0.000846745492638
-0.00154398941016
-0.00305048690197
-0.00172027482819
0.00341524092274
-0.00243385772623
-0.00120414783544
0.0136519959059
-0.00397084854344
0.00506031620168
-0.00574191614091
-8.27610423208e-06
6.0188745938e-07
3.07532151531e-06
9.13043813148e-06
-8.96071708082e-05
-0.0111503358463
-0.00480214872513
0.00338438346042
-0.00620985222152
0.0027531855375
0.00383390321568
-0.000120203271476
0.00221556229646
0.00406230234621
0.00346990205935
-0.00558888983791
0.00218299456284
-0.00336959526963
0.00276184446469
0.000129967407402
0.00199978565029
0.00211580948971
0.00795549586529
0.0025856553286
-0.00105740685003
0.0093033027175
0.0189884423925
-0.0057597126125
-1.33883834014e-06
9.76885404366e-08
3.56485201674e-06
1.46005899818e-05
4.1959495292e-05
0.001251528261
0.0088523537915
0.00518665688527
-0.00387182334252
0.00174015827016
0.00445951617543
-0.0140221151899
0.00528473682115
-0.00245354058817
-0.00373961720469
-0.00123068920395
0.00099507130007
-0.00478832373209
0.000547015928747
0.00574069219515
-0.00935474557014
-0.000742114265452
0.00290890927727
-0.00282302756334
0.00223731300441
0.00298239045838
-0.00181568933303
0.0171299326399
-3.42418231284e-07
-0.0
2.52799848631e-06
1.36401781937e-05
4.41296952087e-05
-0.00213506097521
-0.0173676250194
-0.00471692605398
0.00487376801314
-0.00413453001101
-0.00284623835893
0.0167672068544
-0.00636519733369
0.003276822577
0.00847921747006
0.000585831726255
-0.000919032887166
-0.00295907551187
-0.00726845605269
-0.0017935495268
0.00765260619668
-0.00699556679094
-0.00250773611792
0.0247420298847
0.00301179957441
0.012286620223
0.0393643504838
0.00821379090686
-0.0
-0.0
1.85906309584e-06
1.68094571115e-05
1.23800294898e-05
-0.00353122871677
-0.000867249475933
-0.00103630744997
-0.00676451878002
0.0142090880423
-0.00165867879615
-0.000811461577414
0.00545247118798
-0.00448678213121
0.00149753905474
-0.000324274873629
-0.00682368114482
0.00941220105385
-0.00790080114255
-0.00320164874281
-0.0115193772813
-0.0222306954251
-0.0163665768465
-0.0358573837666
-0.00627948372542
0.000504255475631
0.0217729454312
0.00336286856728
1.94777465861e-07
-0.0
2.26197063455e-06
-0.00134451915504
-0.00312141601647
0.000804100994288
0.00594391598005
0.00489305562139
0.00467506913441
-0.00758546667046
0.00333923131686
-0.00450854981257
0.0109182535468
-0.00301500055636
-0.000529102552058
0.00383599267591
-0.00470282561167
0.00226793440316
-0.00612737822517
0.00543937514031
0.000668242306162
0.00580901822984
0.00407021880146
-0.0098358116466
-0.0140107910977
-0.0120491147854
0.0100398172733
-4.92988439836e-05
6.67808411265e-07
-0.0
2.03106168938e-06
-0.0028102292096
-0.00381491639631
0.00128762688645
0.00767359644744
-0.000626387032407
0.00674422201703
0.000430749040124
0.000435581616944
-0.0080728891088
0.00432454786785
-0.00541221367065
0.00427088435676
-0.00265572849233
-0.00277661344682
-0.0032294878572
-0.001218514697
-0.00442170720859
-0.00548826855065
0.00139710310345
0.00584063140562
-0.011058075719
-0.0259394368002
-0.0140671917266
-0.00373814116648
-5.06265821798e-06
-0.0
-0.0
8.80904486456e-07
-0.000249798781397
-0.000926499515079
-0.000416388256637
-0.0183501522839
-0.0084091239302
0.00130720571924
-0.00637635302896
0.0126232300195
0.00244779630482
-0.00261966059595
0.0127160068728
-0.00414601226983
-0.00143715167894
-1.03937123238e-05
-0.00140524944164
0.00269699800619
-0.000298878512307
0.00599535278157
-0.00364276484172
-0.00411974249012
0.0103583440843
-0.00063031142983
0.000599868721316
-0.00703755242083
-0.00023768768037
-0.0
-0.0
4.36812148057e-08
1.33955725381e-06
-0.000477184303529
0.000532492404073
-0.00659854822728
0.00647738011577
-0.00220239446491
0.00221267040034
-0.0143298820547
0.0116449988961
-0.0122828226323
-0.000238883881054
-0.00257730117167
-0.00482214133869
0.00205897233214
-0.00509379207642
-0.00405101683858
-0.000379899841196
0.00318428746149
0.00325546946211
0.00714736719287
-0.00766557762034
0.0132540680151
0.013768933372
-0.00268260608731
-0.000682658723112
3.3869460744e-08
-0.0
-0.0
1.66993161533e-06
-0.000131527330319
0.00853451414197
0.00064169603669
-0.0123919409428
-0.0168758431402
-0.0124829470416
0.0107488672709
0.00187205538414
-0.00142136029743
0.00092372784427
0.0044621973637
-0.00536224486689
0.00579850441512
-0.00297391082475
0.00225265089156
-0.00306540306341
-0.0069906841066
0.00215443898212
-0.00491037629331
-0.00198917864343
-0.0157056405168
0.006737928632
0.0017931337992
-0.00122700265949
6.20940124633e-08
-0.0
-0.0
3.48820425598e-06
2.68137364909e-05
-0.00183913051896
-0.00201978872344
0.00907454444624
0.00439701836794
0.0075244425956
-0.0127582224457
-0.00404689948529
0.00506480181913
-0.00626174091845
-0.00268495794581
-0.0104038655851
-0.00556430447805
0.00085589765032
0.00214974144664
0.00319849334761
0.00467773727559
-0.00520106732267
0.0106934153826
-0.00515458232156
0.0102731592598
0.01284687891
0.00110570399155
-0.00122591698817
3.23569616204e-07
-0.0
-0.0
0.0027847259564
-0.0113478080321
-0.014114030844
0.0160123011951
0.00109636648044
0.00423736830122
0.00079252133372
-0.00970466298103
-0.00388852637128
-0.00167168382594
-0.0081955413428
0.0002365260838
0.00153544088981
0.00719849025754
-0.0030215770035
0.00452279488849
-0.00352052153713
-0.000957323461651
-0.00196598208291
-0.00493076492633
-0.00091648855352
-0.00789791625975
-0.0171188806759
0.00516686950957
-0.000182141157608
8.82377412868e-07
-0.0
-0.0
0.0144280554383
0.00468436915089
0.0125649319778
-0.0199645466095
0.00761361084002
0.00133027244901
-0.00444205999061
0.00411076068665
0.00199481817029
-0.00287176555812
0.00461901342119
0.0074257305542
-0.00390027798939
0.00258331067619
-0.000568674319165
-0.00186886079726
-0.000167800394421
0.0076386860563
4.04671076721e-05
0.00761645967433
-0.000296982649786
0.00913993250546
0.00395847418555
0.0012992085679
-1.10673638508e-07
3.32460032838e-07
-0.0
-0.0
0.000327358048385
-0.00216262705606
-0.000838978107216
-0.00128246537662
-0.00620786196665
-0.00652770924543
0.00614118998263
-0.000643190117774
-0.000488426961625
0.00185079555949
-0.00754963798705
0.00633715604069
-0.00841537529833
-0.00126185232846
-0.000324359357694
0.00271657777017
0.000551371275102
-0.00563827922847
0.00331428284417
-0.00975070067225
-0.00228943231434
0.0163519461475
-0.00146528544708
-0.000689565433763
-4.43723547119e-05
-0.0
-0.0
-0.0
-0.00113937639311
-0.00664289223482
-0.00621938589674
0.0141947501143
0.00421688602726
-0.00194543440388
0.00950701717702
0.00334582953268
-0.00620598676564
0.00903686237417
-0.00637597422511
0.00306702822353
0.00136875944281
-0.00134305624681
-0.00500843960801
0.00279604690029
-0.00985125070712
0.00382652139469
0.00543334496898
0.00750702461375
-0.00357234890839
0.00143991494513
-0.0020409839814
-0.0025378024274
-7.41081597787e-05
-0.0
-0.0
-0.0
4.06046960489e-06
-0.00666014509012
0.00951616379395
-0.0112384538685
-0.00600572652452
0.00875579064402
-0.00885582223731
-0.00438757523283
-0.0022860214087
-0.0016770880435
0.00846586445296
-0.0048942049389
0.00650022118051
-0.00639289369542
0.00636640049336
-0.00574345926208
0.00953583682142
-0.000682489166954
-0.00899756585353
0.00860363617757
0.0105193792919
0.00551506734457
-0.0115659441415
-0.00145193165248
-4.20125508345e-05
-0.0
-0.0
-0.0
8.90693956621e-07
-0.00109842521055
-0.00321591653979
0.00570341343274
-0.000611025604846
-0.0037157473781
0.00088536914324
0.000158550298522
0.00901533445632
-0.00546328334458
0.00646805776237
-0.0063541445571
0.000651570317652
0.00789607312237
-0.00650247500795
0.00621612781507
-0.00865175828165
-0.00612711932139
0.0054501392851
-0.00135930065837
-0.00356593832676
-0.00393626368277
-0.00107075806566
6.83299824854e-07
2.81931985547e-07
-0.0
-0.0
-0.0
-0.0
3.96663946965e-06
0.00193290736473
0.00712293144248
0.00570486155426
-0.0153415559443
0.00855101799285
-0.00368185029886
-0.00203997249907
-0.000453693997106
0.00505089139684
-0.00502852248259
0.00566185083583
0.000721457187069
-0.000828517470855
-0.00437028074645
0.011748452225
-0.00370192584926
-0.00249551517045
-0.00404094467328
0.00287453491543
0.000258815429495
7.67182286905e-08
-9.31025571982e-08
-0.0
-0.0
-0.0
-0.0
-0.0
5.79930348258e-08
9.81428940715e-07
0.00415813431285
0.00837350169051
-0.00395248216464
-0.00779350521369
0.00270954082519
0.00536774165116
-0.00752847946062
-0.00414730964933
0.00290523523833
-0.00203628041567
-0.00553146454953
-0.00237448188916
0.00580222896387
-0.0115792296294
-0.00197608394915
-0.00401857934779
-0.00621352178841
-1.12583176473e-05
4.75644162518e-06
8.0023007034e-07
-0.0
-0.0
-0.0
-0.0
-0.0
-0.0
2.61400110645e-07
3.00020611519e-06
9.55300408064e-06
3.322711885e-05
6.55197543282e-05
9.49899813195e-05
-0.00384462156043
-0.00693848621501
-0.00316706182111
0.000185732228649
-0.00272814870967
-0.0148957009081
-0.00368931511338
0.00497531341522
0.00694242911671
-0.00646791948993
2.93191451065e-05
-0.000871598789903
-0.00607070446383
-0.00192396979744
5.96723947484e-07
-0.0
-0.0
-0.0
-0.0
-0.0
-0.0
-0.0
-0.0
-0.0
6.36740356923e-08
1.34596024983e-06
5.60297560179e-06
7.00537605487e-06
7.27942221911e-06
1.26058220902e-05
1.61686049598e-05
2.73591562333e-05
2.9453228219e-05
2.31062218543e-05
9.47920005022e-06
-0.00125384433477
-0.00232418812673
2.92583802374e-06
4.52591736441e-06
-0.000269545749037
-0.00462355546765
-0.00294216005857
-0.0
-0.0
-0.0
-0.0
-0.0
0.256378880937
