-0.0
-0.0
-0.0
-0.0
-0.0
-0.0
-0.0
-0.0
-0.0
-0.0
-0.0
-0.0
-0.0
-0.0
-0.0
-0.0
-0.0
-0.0
-0.0
-0.0
-0.0
-0.0
-0.0
-0.0
-0.0
-0.0
-0.0
-0.0
-0.0
-0.0
-0.0
-0.0
-0.0
-0.0
-0.0
4.36988539521e-05
0.000454003992026
0.000917534277925
0.000581030710867
4.96090857649e-07
5.11129944201e-06
1.94967387881e-05
4.06761626565e-05
-3.77547772282e-05
-0.00231343705845
0.000429971014195
0.00133075496965
0.000393567121765
1.58148452465e-05
4.2568249801e-06
-4.81026248063e-07
-0.0
-0.0
-0.0
-0.0
-0.0
-0.0
-0.0
-0.0
-0.0
-1.48829140603e-06
2.30731809049e-05
0.000107689477014
-0.000621057428727
-0.00115714749602
0.00570923858765
0.00080596749741
0.00164698372282
0.00241973353362
-0.00072179511738
-0.00195255073389
0.0047925105281
-0.00141228443247
0.00196460514364
0.00281104207105
0.00503407231492
0.00168695558028
0.0022991959526
0.00170687879842
7.9616875104e-07
1.90535801353e-06
-0.0
-0.0
-0.0
-0.0
-0.0
-0.0
-0.0
-3.93167391406e-07
-0.000449190305816
-0.00148345055622
-0.00117307485663
0.00249539328074
0.00133960075234
-0.000546046781751
-0.000220454931315
3.15278713958e-05
0.00200324014959
0.000524033000115
0.00012401228511
0.000873671547055
-0.000225159667564
0.000908225827735
0.00202181383026
0.000693767462989
-0.000615329898582
-0.00295118545675
-0.003316066463
-0.00329675620759
-0.0
-0.0
-0.0
-0.0
-0.0
-0.0
1.81561137141e-06
-1.61251511055e-05
5.72238373402e-05
-0.00119231196501
0.000120281048675
0.00180465438161
-0.00284148439969
-0.00242640623427
-0.00104397569273
-0.00538049566656
-0.00038388318729
-0.00077810360907
-0.00182939303162
-0.000253635127294
-7.36426784277e-05
-0.00209209786067
-0.000621846070382
0.00120063942272
-0.00322011337735
-0.00258886606229
-0.00233460302383
-0.00353736260952
-0.000107134011817
-0.0
-0.0
-0.0
-0.0
1.79013081304e-06
1.60124443864e-05
0.00146153588514
0.000938761989877
-0.00211432974055
-0.00104457415629
-0.000418684837774
-0.00117061036809
0.000566484828986
-0.000714325861718
0.00140988986062
-0.00199922806337
-0.00199241321873
0.000271868448924
-0.00280859468238
-0.00137899032493
-0.00153011591182
3.48657695759e-05
0.00191970755335
0.00361073990068
0.00154410577547
-0.00162159681137
-0.00314310091737
0.000766678797456
0.00134753941164
-1.79442652135e-07
-0.0
-0.0
2.41913352622e-06
-7.09601589645e-05
0.00129563512977
-6.43754604951e-05
0.00285776114197
-0.0025798942466
0.000625761431742
0.0021932353017
-2.47109759125e-05
-0.000258830124644
-0.00282639415639
0.00244526745283
-0.00120316234679
0.000496894925338
-0.000908289473397
0.00137143656991
0.00164183763961
0.000633141285906
-0.000493589554527
-0.00515167469345
1.651379636e-05
0.00208948058688
-0.00136500028224
0.000985927977623
0.00481368203401
0.00411179154039
1.44679068258e-06
1.15684517466e-05
1.86742543595e-05
-0.000425128601483
-0.000142825248208
-0.000233293593976
0.000265210323881
-0.00446154826543
-0.00375046031096
-0.00107465636939
-0.00042179973385
0.000665420145301
-2.84129704654e-05
-0.00381890722435
-0.00127279829373
-0.00104997356188
-0.00260182239293
-0.000569747086987
0.000250452544701
-0.00617915094168
-0.00209858295619
-0.00307657873674
0.00221473460752
-4.86039432976e-05
0.00482844663321
-0.00281300846945
0.00297036472781
0.0029393772811
5.87951106986e-06
1.76683814137e-05
4.40483837314e-05
-0.000876007867364
0.000332296054356
0.00106980026786
0.000511779837611
-0.00191709618772
0.00296820602519
-0.00537798833222
-0.000799448689006
-0.000796489169691
-0.00172626085329
0.00225666532834
0.00252558958504
-0.00231278319841
0.000287881977344
-0.00196250035014
-0.00521085285789
-0.00376062600075
0.000584905398071
-0.00638702973787
-0.000389288821663
-0.00598114431124
-0.00181062307548
-0.00231059455048
0.000918622497023
4.46330776489e-07
9.54266196121e-07
1.43410802139e-05
3.59447419197e-05
-0.00122851538181
0.00112273354843
-0.00014581689892
-0.000959644207003
-0.000180387539781
0.00317821480414
-0.000892837608233
-0.0021404359971
-0.00219940863249
0.00157249019631
-0.00273400926264
-0.000746921421288
-0.00243822900418
0.00110963197239
-0.00470132712961
-0.00385310722768
0.00415476920549
0.00347532978063
-0.00381448463984
0.00280662339179
-0.00312600971535
-0.00597654267006
-0.000129705717675
5.4237106113e-07
1.52091670884e-06
-0.0
1.25909307967e-05
3.1952618544e-05
-0.000191808655741
0.00182697536021
-0.00119002039565
-0.00175348152024
-0.00043190272956
-0.00321790630979
0.00251916605638
-0.0012690420842
-0.00200723470985
-0.000430075138253
-0.000912041351115
-0.000864601207343
-0.00205058869061
-0.00351571170283
-0.000668795268869
-0.000967251430153
-0.00312353210195
-0.00239364538006
-0.00346823001958
-0.00206154648342
-0.000672586189791
-0.00381549887236
-0.000147008130558
7.70482105949e-06
-0.0
-0.0
7.86963649088e-06
6.35082540168e-05
-2.4592889388e-05
-0.000362845942383
0.000223693566947
0.00210468177338
-0.0048829319777
0.000861293350987
0.00425867058081
-0.000238845968299
0.000383558015615
-0.000262080203595
-0.000121252777699
0.00185730169717
-0.00298545787718
-0.00199151301877
0.00233145554474
-0.00186847453381
-0.000560946285316
-0.00276599519206
0.00301644290275
0.001885573108
0.000800116985438
-0.00178305231907
-0.00324714150964
9.13976406881e-06
7.76398042304e-07
-0.0
3.35926528413e-06
4.6384215927e-05
-6.96259958144e-05
-0.00184875043626
0.00170870096305
0.00145447834905
0.00131599223005
0.00142461525701
0.000885214172851
-0.00226731601207
0.000672830464896
0.00357234264601
-0.000799097506316
-0.00150263653913
0.000579360745899
-0.000239812928015
-0.00161713471088
0.00082912795727
0.000172882822533
-0.00297051793786
0.00146673322555
-2.11255507999e-05
0.00101704841235
0.00202647497208
-0.00272785353689
-0.00151049001005
2.66193614818e-06
-0.0
-2.67974392268e-06
7.38896720859e-06
-2.49861963464e-05
-0.000895069105588
0.00205124825163
-0.000650188623453
-0.00294557842305
-0.00253630117067
0.00126198896659
-7.32554965035e-05
-0.000199101658855
-0.00028388861617
0.00124663253235
-0.00119569312016
0.00213162585989
-0.00185407898459
-0.000255167152795
0.000296983966412
-0.0021212036004
0.00222498338214
0.000963305825114
-0.00289553151623
-0.000323695144064
0.00440579600238
0.00127030908277
-0.000839738089554
-0.0
-0.0
-1.62719536457e-06
-2.79658458285e-06
4.18167885328e-05
-0.00168686069866
0.00379791527562
0.00278157140491
0.00391803512098
0.00197017359169
-0.00063762570358
0.00356803967622
-0.000935469015376
0.00181352346455
-0.001517298049
0.00393698799193
0.000223006162752
-0.00241486175671
0.00164380086101
-0.00109193039965
-0.00312179594274
0.00168965102586
-0.00107695674104
0.00385031544603
-0.000590698771076
9.76120812775e-05
0.0030187665701
-0.000562420043247
-0.0
-0.0
-8.06873729363e-08
-2.47441277385e-06
3.87261265088e-05
-0.00321228780909
0.000567124369891
-0.00186881756349
0.0010933518861
0.00152089918564
0.00120941768253
-0.000542325852043
-0.00164264001914
0.000819098894745
-0.000962254920796
-0.000123383185925
0.00116237632295
0.00163854803363
0.000938472715723
0.00200465436862
0.000709688855594
0.000614460591671
0.00395187837803
-0.000690739565905
0.00187681992382
-0.00124224934342
0.00114597078211
-0.00243381837023
9.62947718656e-09
-0.0
-0.0
1.06462111599e-05
-0.000240194779388
-0.000671996226799
0.00258402856049
-0.000872630499245
-0.00528202360323
0.000929739379067
0.00123701689958
0.0020221391009
0.0023927104459
-0.00349236561521
0.000307172868356
0.000906980654563
-0.00290389296147
0.000289025125036
-0.00401189161415
0.0023361704438
-0.00185977396094
-0.00076396603296
-0.00272155344002
0.00165325915753
0.000848812609006
-0.00291490543363
0.00196278170335
-0.00310888809064
1.76540460732e-08
-0.0
-0.0
1.22099196314e-05
-0.00110693141066
-0.00308246718144
0.00164834003694
0.000411321175451
0.000287614040935
0.00143992812256
0.00177752369828
-0.00215077325976
0.00580501394154
0.0034583149391
-0.000949236999119
0.0015986062992
-0.00259426843042
0.00155871572178
0.00150088460529
-0.00448501914247
0.00230977973526
0.00434559393813
-0.00235685862028
0.00134401769324
0.00201725654998
-0.00486283903063
0.00123467008182
-0.00263789442158
-1.17154534219e-05
-0.0
-0.0
-4.63836808237e-06
-0.00117791689445
-0.000268742341971
-6.49191091655e-05
-0.00371393090676
0.00148138655842
0.00112727841273
0.0019122372947
0.00276010714041
-0.000249764741406
-0.00193321479031
0.000431659832826
0.0020963758103
-0.000576086460631
0.00165548444439
0.0024960822211
0.00161900649464
0.00013677086819
-0.000693667410796
-0.00163846745376
-0.00118613163446
1.58863150146e-05
-0.00244277522613
0.000701092154623
-0.000416366993251
-1.44221896567e-05
-0.0
-0.0
3.03802145196e-05
-9.78358320759e-05
0.000564493133716
0.000823851416415
-0.000859130920191
-0.00184663767601
0.000514031387531
-0.000216511203862
0.00184315045769
4.2503745105e-05
0.00374817264596
0.00242509253996
-0.000655782736347
0.00136482008685
-0.00165064980117
0.000171748299989
-0.00102500583952
-9.5359877097e-05
0.00268610643012
0.000265107618528
-0.000348900766685
0.000377506903817
-0.000867932827148
0.000145957928737
-1.82027373623e-05
-8.43142835228e-06
-0.0
-0.0
6.62090328147e-05
0.000374187749726
0.000444204235533
-0.000979934840098
-0.00158722755359
-0.000584186623085
-0.000443165131108
-0.000416182026251
0.00308696194379
-0.0009698318911
0.00174980767635
0.000578484731405
-0.000639155306286
0.00362029972271
0.002082028006
-0.000198678247419
-4.13535159716e-05
-0.000188544762706
-0.000820849205589
-0.00107279610351
0.00158727069871
-0.00275054113172
-0.00267567547118
-3.19976911575e-05
-7.36907955064e-05
-0.0
-0.0
-0.0
5.16974379156e-05
0.000291434461844
0.000807681558283
-0.000658585573859
-0.00191403723647
-0.00132302031564
0.000987559510381
0.00170969204363
-0.00195597750291
-8.23452246402e-05
0.0021291239014
0.00119198055599
0.000573660934649
-0.00131065139546
-6.05665955672e-06
9.75699678154e-05
0.00668220927804
0.00275606447691
0.00180212914924
-0.00265179536293
0.002541044309
-0.00203725772665
-0.00118196688445
1.33429122067e-05
-1.12853057518e-05
-0.0
-0.0
-0.0
1.86963558585e-05
0.000146139768579
0.000510235584684
-0.000643579678351
0.000166853666037
0.000385264745698
0.00559610004444
0.000676785253271
0.00377567076331
-0.000504386656813
0.00121705882193
0.00158538453921
-0.000104800035337
0.00437045421178
-0.000903732024057
-0.00104082611581
-0.0033134011046
-0.000574505200846
0.000618799164286
-0.000939178406831
-0.0001782884974
-0.00119209120641
-0.00117117974161
3.02209492139e-05
1.75843339898e-06
-0.0
-0.0
-0.0
5.19418244156e-06
3.67267953215e-05
0.000220886688521
0.000493592056877
0.000276475827939
-0.00292223028779
-0.00318290438376
-0.000977755589203
-0.00279570352998
-0.00354148241888
-0.00184092857892
0.000484621278471
-0.00123796165477
0.000353330293438
0.000773388478393
-0.00272977915053
0.0028671405818
-0.000152441312414
0.000143466812891
-0.00178570931015
-0.000701014306859
-0.000401640543485
-0.000143914020838
3.90726661499e-06
9.9909536327e-07
-0.0
-0.0
-0.0
-0.0
1.64634296792e-05
9.3277205971e-05
0.000250761677823
-0.00178667517603
-0.000547848235914
0.00132461138231
0.000430040342567
-0.0016507740096
-0.00205166508113
0.000691085025654
-0.00382120489134
-0.00578521738002
-0.00250830081277
-0.00109866097095
-0.000314342031786
-0.00124962992901
-0.00169534383033
-0.000606939998532
0.000171373855993
3.25583644485e-05
-2.98239008513e-05
6.66056629934e-06
6.42977331928e-07
-0.0
-0.0
-0.0
-0.0
-0.0
1.06518132184e-06
1.68808130529e-05
7.40050782581e-05
0.000115593584945
0.000519176099143
0.00101600409878
0.00133354433385
0.00178192597114
0.00180331268658
0.00170892898148
0.000215424717855
-0.00137303157822
-0.000774877335665
-0.000196976239406
0.000593212225695
0.000359531027909
-0.000767878256133
-0.000308913467033
0.000126212062559
4.65211130266e-05
1.06611434202e-05
-9.96171661809e-07
-0.0
-0.0
-0.0
-0.0
-0.0
-0.0
6.89492295029e-07
9.88414596155e-06
3.32832878081e-05
0.000120642099152
0.000293577619423
0.00036221407201
0.000569739606389
0.000752157079586
0.00070912836944
0.000683147367488
0.000642272702244
-0.000582433516408
0.000172370134286
0.000384611092457
0.000264572786928
0.000161109927952
0.000128371248513
8.4135918093e-05
3.04135588664e-05
3.70820480287e-06
-1.18169580127e-06
-0.0
-0.0
-0.0
-0.0
-0.0
-0.0
-0.0
-0.0
-0.0
4.44799057671e-06
1.08645368422e-05
2.33644397297e-05
2.71006512004e-05
2.98306982704e-05
4.4271559252e-05
6.11030987496e-05
0.000117094273529
0.000126710260164
8.8912591054e-05
7.52888011371e-05
6.64289914889e-05
3.68343378469e-05
2.10419163139e-05
1.60045640078e-05
7.72217688913e-06
2.35485329345e-07
-3.1703621408e-07
-0.0
-0.0
-0.0
-0.0
-0.0
-2.39952067073
