-0.0
-0.0
-0.0
-0.0
-0.0
-0.0
-0.0
-0.0
-0.0
-0.0
-0.0
-0.0
-0.0
-0.0
-0.0
-0.0
-0.0
-0.0
-0.0
-0.0
-0.0
-0.0
-0.0
-0.0
-0.0
-0.0
-0.0
-0.0
-0.0
-0.0
-0.0
-0.0
-0.0
-0.0
-0.0
2.32709307406e-06
8.09730359772e-06
1.11693737528e-05
9.19601049042e-06
1.56912133903e-05
1.12557699549e-05
1.19908179491e-05
9.60070740503e-06
1.64858312673e-05
2.55797481361e-05
1.57756538736e-05
8.817733844e-06
6.95329218176e-06
9.69066137037e-06
5.87772097206e-06
3.10532478021e-06
-0.0
-0.0
-0.0
-0.0
-0.0
-0.0
-0.0
-0.0
-0.0
1.18980211895e-06
3.52740296805e-07
1.06487797559e-06
4.85179415264e-06
2.22937569344e-05
4.22952969583e-05
8.04372975321e-05
0.000104205962182
0.000138346983579
0.000187543830713
0.000295098370593
0.000127593933576
-1.30279477742e-05
0.000295300276791
0.000275086862414
0.000225117776473
0.000133723419694
5.72030794711e-05
1.76272527522e-05
4.77568600186e-06
2.07823415216e-06
-0.0
-0.0
-0.0
-0.0
-0.0
-0.0
-0.0
3.89529860319e-07
5.96907275283e-06
2.5562961949e-05
4.56672037146e-05
0.000106038283487
0.000154209818729
-3.85025872852e-05
-0.000901178740625
-0.000989739663076
-0.000794913644879
-0.00486958025148
-0.00149416248848
0.00091197624397
-4.41739585304e-05
-0.00075062138597
0.000102894906463
0.000193438536108
0.000179872882051
0.000101909116866
3.10847850148e-05
1.15381613508e-05
-0.0
-0.0
-0.0
-0.0
-0.0
-0.0
4.24199037733e-07
3.50034400196e-06
-0.000122802292271
5.44955827655e-05
0.000159982927455
0.000311744692469
-0.000191241024695
-0.00160579478881
0.00105840679957
0.000781434457038
0.000313957492597
-0.00117147726072
-0.00430572505567
-0.00149864786943
0.00155684667549
0.00130260827393
-0.00244579795443
-0.00199363653216
0.000751687691008
0.000330501697297
0.000153590982798
4.67667910919e-05
5.16324229468e-06
-0.0
-0.0
-0.0
-0.0
-3.63271055541e-06
2.65398157138e-06
2.6756813201e-05
-0.00105310838573
0.000173498474402
-0.00183893100123
0.000114147541302
0.00117129125774
-0.00443759276976
0.00694488304401
-0.00360093667293
-0.0051403781435
0.00446011721969
0.0028537134503
-0.000872945115875
-0.0152143705513
-0.00461204366425
-0.00504973217279
-0.00450291214086
-0.00697928347266
-0.00562126202413
-0.00253481724832
0.000170141373281
6.19790470164e-06
1.15244510815e-05
3.85659052039e-07
-0.0
-0.0
-0.000158788968417
-0.000746862429161
-0.00082656925817
0.000647114238177
-0.00451828073679
0.00135290393486
0.0023722739334
0.00567076352938
0.00106975589571
0.000868023627928
-0.00224805884077
0.00132138275867
0.00204857127192
-0.00174532227118
0.00306603059347
-0.000493311949987
-0.0002859312026
0.00162583323836
-0.00189838355576
-0.00339513305461
0.0103121423507
-0.00190203879541
-0.000325950313743
-0.000551431513338
-0.000155337799768
7.89507930253e-06
-3.84720178597e-07
-0.000835959175231
-0.002921855218
-0.00134162028289
0.00302876194976
0.00738685660468
-0.00283882801034
0.0135691554703
-0.00787035259785
-0.00464116029305
0.00571509452845
-0.00458375462028
0.00617938616401
-0.00270455083918
-0.00332293405442
0.000883857642793
-0.00108640503101
0.0058742253568
-0.00285110699533
6.66670431897e-05
0.0024199025557
0.00114347096587
-0.00122107005139
-0.00348305061458
-0.00480132922951
-0.00550050164921
-0.0027531632296
5.33698609576e-06
-1.56381778208e-06
-1.45142891971e-06
-0.00149415713162
0.00257914589036
-0.0016879665757
-0.00752596088246
0.0110675817269
-0.00232427957719
0.00519325340414
0.00334490589577
-0.000176405467256
0.00317083912546
-0.000932223129351
0.00368568267069
0.000340125964569
0.00539388151572
-0.000383666521134
-0.0024413239723
0.00120924200262
-0.00123260497772
-0.00159513817189
0.00154060150769
-0.000481184694405
-0.00505828306587
-0.00126973925443
-0.00605746924454
-0.00269258557984
-3.43394326461e-07
-2.53790617826e-07
3.31793761301e-05
0.00410909069686
0.00361790360266
-0.00537142226938
0.00980413849338
-0.00378878853499
-0.00130110474188
0.00665004058021
-0.00486650202135
0.00605101666561
-0.00290564919737
0.00783573542039
-0.00353594721064
-0.00248495995322
-0.000655343093913
0.00379953054136
-0.00103179237853
0.00748377417368
0.000143732756232
-0.000839908986193
0.00262585364327
0.00665080193203
-0.00417315645585
0.00201519249561
-0.00302030398124
-0.00037470179516
2.65188254782e-07
-0.0
1.11285342063e-06
0.00653669029953
0.00682590409398
0.00349479024618
0.0111646421949
-0.0045511631978
0.000383469712946
-0.00520394382636
0.000819983604089
-0.00322640438059
0.000541883575902
-0.0122010877675
0.0168171027452
0.000853597841603
0.0038612554102
0.000837364833642
0.00724345250321
-0.00590774899791
-0.0028474167913
0.00415464863054
-0.00534256083685
-4.93053750201e-05
0.00813575991726
0.000805027470562
-0.000679703931081
-0.000682703002575
-0.0
-0.0
1.74211080591e-05
0.00110654035084
0.00660231365337
0.00205319240753
-0.00370690721365
0.00460745541092
0.00274970916899
0.0091030550571
-0.00121430492385
0.00554826088473
0.00524603604574
0.00329581675059
-0.00457665656446
0.00164451021682
0.00319598506758
-0.00245712040895
5.55843452863e-06
0.00758219566151
0.00459430989767
0.00149969529132
-0.00140910816771
0.00305463294811
-0.0030888637341
-0.00457672052172
-0.000303435955737
-0.000295023305799
6.7684133238e-07
-0.0
2.15062695812e-05
0.00104896073806
0.00570543426348
-0.00040597928533
-0.00860207218914
-0.00926274255623
-0.00454219219343
0.00282295397137
-0.00322904547575
-0.0066864944372
-0.00172659513818
-0.0033893205612
-0.00546771949933
0.000438450741529
0.00325781941494
0.00121064446554
0.00115641440041
-0.000735171158788
-0.000703331341934
0.00265738360978
-0.00104340247726
0.000882665888934
-0.00292280052829
-0.00511436244593
4.80822223134e-05
7.29212740032e-06
2.32058803804e-06
-0.0
6.15046984291e-06
0.00283247190119
0.00115351774449
0.0109529090472
0.00485852009105
0.00266735984085
-0.00397539746335
-0.00904852234897
-0.00236954249509
0.000496547231237
-0.00465554732754
-0.000334454755748
-0.000732168978803
-0.00783611688958
-0.00374346603586
0.00363545473
-0.00240657820222
-0.00457411168169
-0.00351376837027
-0.00413901763136
0.0047335698776
-0.000856308062671
-0.00923589225695
-0.00438386307757
-0.00551773704347
-5.06350679344e-06
-0.0
-0.0
1.59333085511e-06
0.000501592513019
0.000724230441429
-0.00320948946759
0.00349792090066
0.0027734910148
0.00322618249669
0.00470580976168
0.00240343850804
-1.48673518413e-06
0.00822857626876
-0.0126016581796
0.00326195313115
-0.000448371194311
-0.00289987031531
0.00313984686727
0.000611181799977
-1.99439707345e-05
0.00243247815891
0.00119625168674
-0.00711304196039
-0.00518592757761
-0.000761419520255
0.00832233654246
0.00573956853433
-7.03611088175e-06
-0.0
-0.0
7.90115162625e-08
2.42299243553e-06
-0.000207010218707
-0.00101516358421
-0.00269401757746
0.00259650591021
-0.00464467813786
-0.00202280514468
-0.00378588328308
-0.00168647471514
-0.00392607027233
0.00473688339377
-0.00802505280448
2.91717484667e-06
-0.00306137754161
-0.0078462039629
0.0069415560135
-0.00107085686243
3.59299066037e-05
0.00529696308966
0.0120225244661
0.00203857344703
0.00227034612957
-0.00137360976555
0.00188340733663
-2.1405261365e-05
-2.36731801619e-08
-0.0
-0.0
-3.8397366418e-06
-0.000344596819862
0.00836588634872
-0.00641953881817
0.00397410538623
0.0013473052626
0.0026709309928
-0.002082758571
0.00600275461495
-0.00674861536077
0.00136664809567
-0.00208944424496
-0.00144549692832
0.00311585586774
-0.00139174846788
-0.00485460954443
0.00599921140856
0.000688855509525
0.00090432882307
-0.00990114429636
-0.00709065611485
0.00390402745172
-0.00511400373989
0.000397541515827
-2.06661232757e-06
-4.340269237e-08
-0.0
-0.0
-6.51916645571e-07
-0.00171122622065
0.002283077887
0.00358516512217
0.0012957070975
0.000591300020895
0.00233621493256
-0.00895957346964
0.00131238222637
0.00315349503627
-0.00157906629723
0.00397006507514
-0.00408150321381
0.000573274461455
0.00395777049472
0.000903610736203
0.000507190650041
-0.007404635544
0.00457949795621
0.00298601335174
-0.000805856289723
-0.00210311657614
-0.00543036781248
0.00209710820267
4.8236279883e-06
-5.95902045826e-07
-0.0
-0.0
1.49094044499e-05
-0.00162212319657
0.000523863231821
0.00401656062204
-0.00369851261699
-0.00476753526855
-0.00617646906277
-0.000260369584597
-0.0015117535107
-0.00374136943145
-0.000765729116815
6.63135608246e-05
0.00586860196266
-0.00242248358737
-0.000766183213156
-0.00122955321495
0.000865882761032
-0.000139628230391
-0.00585444376453
-0.00114563006676
-0.00059012130376
-0.0076079111241
0.00879916480078
0.000354323747504
-2.8967163072e-06
-1.38054428182e-05
-0.0
-0.0
4.48485290526e-05
-0.000497778174381
-0.00318999703543
-0.00602013268234
0.00142871635826
-0.00549315832152
-0.00958415188672
0.00115222776996
-0.00246713783509
0.00049715754933
0.00291856163719
0.00143431903131
-0.00697115582539
0.00281589047609
-0.000925000190079
-0.00484128696724
0.00294611584415
-0.00213572168136
-0.00356873103422
-0.000310743652486
-0.00561155559055
-0.00419496048603
0.00265944583783
5.28630129528e-05
1.28182974905e-06
-7.53648747021e-06
-0.0
-0.0
6.32942683157e-05
-0.000980389454029
-0.00097085426555
-0.00579146814144
-0.0057819042774
0.00204517365261
0.00363590446846
-0.000333807375863
-0.00107151287211
0.000666566123081
0.000548992144011
-0.00252794676772
-0.000493096256611
0.00662164392526
-0.00231047061436
0.00262042310954
-0.00590467533788
-0.00658791610864
0.00406305307265
0.000282588547643
-0.000864173917998
-0.00415140847971
0.00185838535208
5.99679180244e-05
7.84955298973e-06
-0.0
-0.0
-0.0
4.82344810845e-05
-0.000290418060979
2.11851066198e-05
-0.000945532329916
-0.00456023735015
-0.00287510941643
0.000811767745763
0.00270627250158
-0.00424750691875
0.0038591046887
-0.00151294521123
0.00191375562118
-0.00089715247796
-0.0105640946129
-0.00787701803809
-0.00105902215654
0.00254204041922
0.00125089961918
-0.000762726157262
0.000922811589387
0.000189646965558
-0.00486594497859
-0.00238130925749
4.91346778965e-05
2.77425075596e-06
-0.0
-0.0
-0.0
1.53189382005e-05
-0.000267992331431
-0.000428456955055
0.00168100066854
-0.00454281806155
-0.00400988060828
0.00124199721538
-0.00095224777619
-0.000623874483262
-0.00598051366718
0.00348723132268
0.000315469028797
-0.00360941610451
0.00795891079058
0.0131406081154
-0.00352604031394
-0.00656751021258
0.00140840675488
-0.00383406136019
-0.000979574345183
-0.00856944198651
-0.00474212053355
9.45104927771e-05
3.36352376728e-05
4.76771254391e-07
-0.0
-0.0
-0.0
2.08048305874e-06
3.54684795613e-05
0.000407770344284
0.000373392463123
5.93085235549e-05
0.00512388589692
-0.00333100380338
-0.00370467956486
0.00190519118619
-0.000902564684476
-0.00376748933622
0.000321550493846
-8.50250802797e-05
-0.0137877049971
-0.00204514197999
-0.00417419416876
-0.00262835970074
-0.00349129748569
-0.00803813515754
-0.00459224002112
-0.0058932989507
-0.00282101792105
4.80889402094e-06
1.88912730352e-06
-8.59808716175e-06
-0.0
-0.0
-0.0
-0.0
-0.000308491301147
-0.000103438530212
0.00182361789685
-0.00274730677814
0.00380827364992
-0.00129044389717
0.00455261227956
-0.00125930594598
0.000202155697655
-0.000752251515755
-0.00229331915624
-0.000420630707556
0.0126408426399
-0.00510478641286
0.00452777734185
-0.00165646105178
-0.000567851827582
-0.00507915827813
-0.00109683012035
-0.00758205506965
-0.000989977764426
5.30553602323e-06
4.0056830474e-07
-0.0
-0.0
-0.0
-0.0
-0.0
-2.53393254499e-07
0.000146579184022
-0.000572065128168
-0.00414025570316
0.00872128727149
-0.00569013641065
0.00313882426113
-0.00549813912945
0.00457536819293
0.000504118359417
-0.00316568275534
0.00528931653185
-0.0085378051233
0.000310132456956
0.000253646011317
-0.00348162915084
0.000901143463652
-0.00367885785054
0.00101403647769
-0.0020359601986
-0.000567098459161
3.07218128794e-07
-0.0
-0.0
-0.0
-0.0
-0.0
-0.0
-3.35154709553e-07
-9.9923793806e-05
0.00823979093253
-0.00107914312198
-0.00299552495247
0.0029762411148
-0.000240316625329
0.00531035877376
-0.00237481257144
0.00347208285803
-0.00106100149874
-0.0018116225149
0.000164837061128
-0.000847860849542
0.0026710823463
0.00044785531644
0.0165049721101
-0.007157853428
0.00173289386129
0.00408617108703
0.00135958803975
-0.0
-0.0
-0.0
-0.0
-0.0
-0.0
-0.0
-0.0
-0.0
0.000710329814314
0.00240146251995
0.00532135407647
0.0020667853219
-7.56026981853e-07
1.28130661617e-05
0.000252920680034
0.000525349629246
0.00358464581066
0.00330826850452
-0.00181355660427
0.0029283607007
0.00136753608011
1.78095898571e-07
-0.00138274908619
-0.00120256018385
0.0031883571701
0.00281621804585
-0.0
-0.0
-0.0
-0.0
-0.0
-1.21672129641
