-0.0
-0.0
-0.0
-0.0
-0.0
-0.0
-0.0
-0.0
-0.0
-0.0
-0.0
-0.0
-0.0
-0.0
-0.0
-0.0
-0.0
-0.0
-0.0
-0.0
-0.0
-0.0
-0.0
-0.0
-0.0
-0.0
-0.0
-0.0
-0.0
-0.0
-0.0
-0.0
-0.0
-0.0
-0.0
9.29616330421e-07
3.2577926531e-06
4.51597139102e-06
3.45251500446e-06
5.76594087754e-06
4.21018676e-06
5.64357510699e-06
5.00553669531e-06
7.82944091108e-06
8.5654553191e-06
7.10409352096e-06
5.28439692821e-06
2.79668157474e-06
2.81613143686e-06
1.8289445555e-06
1.01736954168e-06
-0.0
-0.0
-0.0
-0.0
-0.0
-0.0
-0.0
-0.0
-0.0
5.8426073985e-07
1.12012325616e-07
2.39104502751e-07
1.19128447781e-06
7.24107090562e-06
1.51917907844e-05
-0.0115847175595
-0.0155429574987
-0.01854448093
-0.0312420155178
-0.00613340396601
8.72970848211e-05
0.000146675734052
0.000164534530672
-0.00981022140612
-0.0152313094918
5.19649453077e-05
2.33432862563e-05
7.28860735901e-06
-9.91667358508e-07
-5.07281690452e-07
-0.0
-0.0
-0.0
-0.0
-0.0
-0.0
-0.0
1.68808393549e-07
3.45850583712e-06
-0.00257159724576
-0.0109783060521
-0.0112244494597
-0.0825854984245
-0.050737510659
0.128840140005
-0.0637532253169
0.0188221702109
-0.00982207151804
0.0255725689088
-0.0316724144701
0.00682038300918
-0.00951995019169
-0.00678982916604
-0.0248065515361
6.63320121047e-05
3.20674759578e-05
6.53435831347e-06
3.5348903535e-06
-0.0
-0.0
-0.0
-0.0
-0.0
-0.0
6.12335638461e-07
4.80096100089e-06
2.09049152359e-05
-0.0108241619006
0.105548440593
0.03469758325
0.0670379246983
-0.0551462335185
0.0323335397256
-0.0170265716418
0.0184106723213
-0.0125009714367
-0.00384706175583
0.00414025076181
0.0061049487677
-0.00395165093753
0.0126995639995
-0.0171115002046
0.00514367508191
-0.0345980967969
-0.044668906522
0.104423502167
-0.0187895419191
-0.0
-0.0
-0.0
-0.0
1.97590682287e-07
5.27494008484e-06
2.73812749829e-05
-0.00980202335857
-0.0473307490443
-0.050698696718
-0.0411620698776
-0.00798184146805
-0.000323945906767
0.00139900608905
0.0116117980954
-0.0260177567247
0.0433001491548
-0.0363184121312
0.0194423174637
-0.0094399522398
0.00627248448583
0.000910734058774
-2.87233038834e-05
0.0120334187393
-0.00277382147987
0.0429228857728
-0.0378673151411
0.0192267897642
0.134190070267
-0.000664448363095
-0.0
-0.0
7.39548249678e-07
1.37433561345e-05
5.83296638548e-05
-0.0727927663886
0.0543324066533
-0.0242469815004
0.0112227338266
-0.00631246754789
-0.0319115614371
0.0173943446689
-0.0158300198756
0.0319653255988
-0.0289636811967
0.0218914077356
-0.00478617457721
0.0259662447338
-0.0213001322022
-0.000468473025101
-0.00579932918475
0.0140360783617
-0.00209265935103
-0.037602549031
-0.0199911908344
0.0424826657243
-0.123822432142
0.0803013893425
4.16767139575e-07
3.4651022255e-06
6.63805247084e-06
3.21935828392e-05
-0.0583533293892
0.0488731308761
0.00424881616244
-0.0561320860295
0.0215988178563
0.0145116288261
-0.00597909696404
-0.0129019242537
0.0174591337949
-0.00800113505045
-0.0154612368304
0.0189402417865
-0.0101304226499
-0.00791066493197
-0.00621361310812
0.00203368652786
-0.0124452435694
0.0077151198421
-0.00758917012801
0.0666463783983
-0.0465527804683
-0.00889307754953
0.0691202627447
-0.0532472057787
1.69367071611e-06
5.96310701795e-06
1.44933402885e-05
6.21180442802e-05
0.0077397337299
-0.0694133494253
-0.00467065872058
0.0530591620969
0.00651290310017
-0.00545538498439
0.00896960777325
0.0058741948155
-0.0223410170336
0.00437245643749
-0.000894551226642
-0.0203470595221
0.00371593194765
-0.00909227618936
0.00986841661775
-0.000849104839592
0.00505005751682
-0.0114540480482
0.0175430512259
-0.0583340469375
0.0600616442477
-0.0475003111557
-0.164746317062
5.23505992849e-05
2.74888964445e-07
-0.11250558151
2.34398631138e-05
7.92972772354e-05
-0.0539239255348
0.0456567219542
0.0139906260563
-0.0640322401015
0.00279734677542
0.0032549842987
-0.00473164578963
0.0227878816394
0.00936487783474
0.0093526611246
0.0129734909483
-0.0215553379888
0.00272231249775
0.00582273455355
-0.0214469395943
0.0266329791369
0.00065160132139
-0.0062072536177
-4.82239014454e-05
0.0174490608941
0.0418518714866
0.00388673902799
-0.0556751798142
1.25396716228e-06
-0.0
-0.012977187798
1.92078305236e-05
-0.00263363578276
-0.0180668442209
-0.0973263968488
0.0469274523349
0.0150332834341
0.0122644280808
-0.0140483955445
0.0168404165008
-0.0168397320807
-0.00125422883971
-0.0258038337478
0.00142773143134
-0.00728333907831
0.0204492731172
0.00728463289655
-0.011790494415
-0.000962423571046
-0.00359762300951
0.00496909898139
0.0526925095847
0.0101258618729
-0.0597889565218
-0.0255433042909
-0.00431846260379
-0.0
-0.0
1.91814959021e-07
1.83150993962e-05
-0.0192587727207
-0.0364824574052
0.10709222682
-0.0432059690131
0.0430931242268
-0.00707341966173
0.0136645948504
0.0119586828236
-0.00519785293602
0.0204881482889
0.0339211203401
-0.0106660687354
0.00137607707596
-0.0267075510815
-0.00399653228967
0.0198569862801
-0.0137440419978
0.021307841541
-0.0504564141354
0.053191554903
-0.052832454702
0.183105038057
-0.0764277109927
0.0280619332691
0.0103224555462
-0.0
-1.21960631719e-07
1.24701000047e-05
-0.0317322864744
0.104649195697
-0.0246635031617
-0.00168800237416
-0.0247177411307
-0.0279336836691
0.0248637608498
-0.0250006856908
0.029214005915
-0.0040377786619
-0.00271397590094
0.00809334906583
0.00998937305889
-0.00772616217664
0.00833388471193
-0.0121053861824
0.0388361914328
0.0223441133912
0.0141153734491
0.00149349629876
0.0238041790693
-0.0264105078667
-0.109558238189
0.0707850017994
0.0353912761582
-0.0
2.41082749026e-06
6.67219478222e-06
-0.00733285253434
-0.0368348041075
-0.042219973153
0.07329865572
0.0220293297013
0.00485394673524
0.0135907101312
-0.00695592570321
-0.00336082499148
0.00126304852608
-0.00268274186923
0.00884017819812
0.0204535257072
0.0165641167808
-0.0285087868932
0.00851460863452
-0.0411735390631
0.013354354296
-0.0673348129384
0.0913757823056
-0.0556839398802
-0.0420437872261
0.105153950931
0.00258143177968
-0.0
-0.0
1.25133941522e-06
3.04572488504e-06
2.72109063184e-05
-0.096367174499
0.000625352401916
-0.106312771456
-0.00757464462011
-0.0119914702841
-0.0260059645908
-0.0153056176118
0.0214351471646
0.00939234936469
0.0159809628105
-0.00311048385429
-0.0125753675965
-0.000262515710267
0.0316288449768
-0.00964070703525
0.00794632756502
-0.0214986617249
0.0310069715603
-0.0472528677629
-0.000461601839951
-0.0315287922229
-0.0230929965687
6.36964726266e-07
-0.0
-0.0
6.20498883694e-08
1.90286324307e-06
2.79279949914e-05
-0.0178499990767
-0.0315363979504
0.0772498298821
-0.0056120993416
-0.0109220409111
0.020958950018
0.0168734572223
-0.00929600021816
-0.00549030635
0.00500430263717
0.0029253855943
0.00843847431677
-0.00638690195714
-0.0230182311893
-0.00424858429877
0.000185290648885
-0.0320331043731
-0.0358551393631
0.020562416147
-0.0291605587013
0.106465158586
-0.0385859174715
-0.00404215195749
-0.000379160838651
-0.0
-0.0
4.11061544761e-06
2.99548090122e-05
-0.0209352271717
0.00568638859171
-0.091182938131
0.0299406256547
-0.0365213479948
-0.0218069902661
-0.0026110118142
0.000999241029012
0.00652892190395
0.0217490568696
-0.00678840301533
-0.0118944986789
0.0303940440028
0.00500962765239
-0.0196894548052
0.011222392954
0.0233921659904
0.0564869887046
-0.0669966581058
0.0567272084733
-0.146957273219
-0.0424812011949
-0.0144667470264
-0.000695128204194
-0.0
-0.0
6.75160417219e-06
-0.00644364964056
0.054980340896
-0.00964798229038
0.0321199251725
-0.0126861877079
0.0341404084144
0.00688863998065
-0.00139343392927
0.0206607473456
-0.00562393639944
-0.00233848334299
0.00586222844206
0.0042664781205
-0.0192029678856
-0.0239602206578
0.0240343156782
-0.0543285902845
3.57091202155e-05
-0.0731825783975
0.0631110764717
-0.0410745533878
0.115643274316
-0.0664176140404
-0.014461248381
-0.000694416463802
-0.0
-0.0
-0.00122395954215
-0.0148864429454
-0.0271159689403
0.0592612594346
-0.0396748662085
-0.0215651556667
0.00894590940173
0.0181351077213
0.0195845633453
-0.00867615136438
-0.00186806346882
0.0360905198287
-0.0219300658931
0.00410466463808
0.0060022445533
0.0260944959002
-0.0212917118078
0.0539874902629
0.0228331078449
0.00999869456975
-0.00529235932515
-0.0300686224258
-0.043199793434
-0.0283633947607
-0.00479849717338
-0.00538345120042
-0.0
-0.0
5.83421885553e-06
-0.0170256674461
0.0112273505899
-0.0791593992946
0.0350118244714
-0.00540784730956
-0.0061638925042
0.00952120619382
-0.0307149394543
0.0289116795702
-0.00225855920303
-0.0333551442873
0.0227458084263
0.00260705962119
0.00560957435514
-0.00545890271031
-0.0043052594407
-0.017364948436
-0.0802960063184
0.059189518562
-0.00148886545797
0.0462442807469
0.0088895198314
-0.0773863094377
8.99822591758e-07
-0.00219867929961
-0.0
-0.0
9.09059402673e-06
-0.0115689700785
-0.0155438418157
0.0956798926906
-0.028276904781
0.0125860243204
-0.0228396860074
0.0166033603132
0.00473363532076
-0.00529525985125
0.00768570185814
-0.019083550384
-0.020139686022
-0.0108965052324
-0.0205409879608
-0.0137508211108
-0.00697453709261
-0.000595094483461
0.0692868488684
-0.0351384174335
-0.020392503165
-0.00629107082384
-0.0103266798052
-0.0172519103626
4.54735340712e-06
-0.0
-0.0
-0.0
9.83599433546e-06
-0.00829648299843
0.0705323232462
-0.0973242774151
-0.00130883771147
-0.0181900682879
0.0530206955725
-0.0385109023877
0.0220892702158
-0.0438974163935
0.0216312230984
0.00222827401504
0.0095896304439
0.00256473014527
0.00159111068206
0.0340394509327
0.0114236795717
-0.0267818275096
-0.0345383989333
0.0534311005936
-0.0154162133751
0.0380416366704
-0.0429416622183
1.90176608451e-05
3.67285871187e-06
-0.0
-0.0
-0.0
4.19568333428e-06
-0.00369271406397
-0.0817123543252
0.0163489499495
0.0516768204709
-0.0175391798169
-0.0120615946044
-0.00467181795495
-6.54328174262e-05
0.0145343233499
-0.000106505684295
0.00690033690319
-0.00609314671145
0.00144089168038
0.00318923339915
-0.0270429189158
-0.00495647102061
0.0338871511774
-0.038485215365
-0.00857976288997
0.02670207342
0.0331615656235
-0.0955904526411
1.29670764809e-05
1.67865638979e-06
-0.0
-0.0
-0.0
1.53031504504e-06
1.69936695448e-05
-0.0530974857393
0.0633621628225
-0.0513981372458
-0.0171144805444
0.0217322258093
-0.0223124591531
0.0189390841772
-0.000249307457329
0.000715316428226
0.017581729368
-0.00810589973486
0.0106877896362
0.00582360107499
0.0118963069043
0.00282512511303
0.0291697867264
-0.0112130672271
0.00838337011773
-0.0255816312794
0.0237577913304
-0.0203996263555
8.64687694625e-07
-7.72318919573e-07
-0.0
-0.0
-0.0
-0.0
7.59001357269e-06
-0.0288635051443
-0.0648445830146
0.0251139633061
-0.00050745962187
-0.00898812552814
0.0198889422453
-0.000428750264313
0.00492920248939
-0.00447407801914
0.00622993589868
0.0161382560026
-0.0251837368026
0.0476374703077
-0.0143248892847
0.00972635216878
-0.0249181573633
0.00291628869756
0.067734902847
-0.0250299391838
0.0295270188756
-0.00607089248439
3.06383590186e-07
-0.0
-0.0
-0.0
-0.0
-0.0
3.36090120438e-07
5.00217270503e-06
-0.00881895729138
-0.0715819509793
0.0430612837788
0.00326312356019
-0.0617446274865
0.020740964916
-0.0613375631047
0.0352512798547
-0.0435770896988
0.0154974525288
-0.019387875064
-0.00501546679942
-0.00852931333973
-0.0272867360194
0.0384367394138
-0.0107095443331
-0.041016160834
-0.0179188166038
-0.00101149097718
-0.000201567822487
-0.0
-0.0
-0.0
-0.0
-0.0
-0.0
2.6518822781e-07
3.07934281701e-06
1.24067436312e-05
-0.0354515422939
-0.0655023799645
0.000130395234331
-0.00156684862166
-0.0115704410823
-0.0170805437639
-0.0184218285895
-0.0178607363242
-0.0178606038134
-0.012227882577
-0.00149115226037
3.79671638408e-05
2.41763522086e-06
3.71028308227e-05
2.76987301237e-05
1.48372814342e-05
5.58365540853e-06
4.38985864126e-06
-0.0
-0.0
-0.0
-0.0
-0.0
-0.0
-0.0
-0.0
-0.0
1.49591385728e-06
3.13838687263e-06
6.91366605729e-06
7.19334590209e-06
2.8537936436e-06
6.19024332498e-06
1.9097105171e-05
-0.00383954269832
-0.00513122526513
-0.00513434131343
-0.00211979069485
-0.000595808252875
1.0789790698e-05
9.19719818605e-06
6.21652209124e-06
2.62949617624e-06
4.95694869669e-07
3.6682337854e-07
-0.0
-0.0
-0.0
-0.0
-0.0
-28.5943599696
