-0.0
-0.0
-0.0
-0.0
-0.0
-0.0
-0.0
-0.0
-0.0
-0.0
-0.0
-0.0
-0.0
-0.0
-0.0
-0.0
-0.0
-0.0
-0.0
-0.0
-0.0
-0.0
-0.0
-0.0
-0.0
-0.0
-0.0
-0.0
-0.0
-0.0
-0.0
-0.0
-0.0
-0.0
-0.0
9.87596190682e-07
3.37879137783e-06
4.60497360202e-06
3.14557522484e-06
4.76859660811e-06
3.78230591094e-06
4.94723153368e-06
3.91642491972e-06
5.65904299353e-06
7.6864222125e-06
4.67594983676e-06
2.03629579251e-06
2.37493538595e-06
3.59912776592e-06
1.65277841514e-06
7.8481791468e-07
-0.0
-0.0
-0.0
-0.0
-0.0
-0.0
-0.0
-0.0
-0.0
3.80132202485e-07
1.55956278719e-07
5.40749558555e-07
2.09536658567e-06
9.51613471162e-06
8.80148828505e-06
1.07703426889e-05
2.66872974373e-05
6.17840686011e-05
8.42640159179e-05
0.000114053962166
0.000120463841156
-0.00366627478133
-0.0116564938041
-0.00688341897665
0.000100171116424
4.86685513233e-05
1.97220249537e-05
5.31767536482e-06
1.62018690417e-06
7.31332016052e-07
-0.0
-0.0
-0.0
-0.0
-0.0
-0.0
-0.0
1.40506545102e-07
4.89313130079e-06
1.42791559719e-05
-7.15513851835e-05
-0.000255428608542
-0.000256511449677
-0.00020415288814
-5.33700333831e-05
-0.0945014525645
-0.0619883229463
-0.0435020106776
-0.0229770575481
-0.0200425058249
-0.0207179783916
-0.00616744907283
0.000325600803123
0.000141001481605
5.40259650548e-05
3.34956357614e-05
9.91806936816e-06
3.63036917864e-06
-0.0
-0.0
-0.0
-0.0
-0.0
-0.0
6.15321317962e-07
4.59068469812e-06
3.02998237184e-05
4.06518992081e-05
3.82823276556e-05
9.71662144471e-05
-0.0414080295508
-0.00447106857658
0.0621765334053
-0.0663306261389
-0.0201269444673
0.0105871265441
-0.0114999656811
0.0179713780708
-0.0533649092629
-0.0778878068873
-0.0851070210008
-0.00430777499426
0.000387581459619
0.00015836853582
7.48485565827e-05
2.07880340708e-05
2.05905590388e-06
-0.0
-0.0
-0.0
-0.0
5.83618306535e-07
5.97203591675e-06
3.01268506653e-05
9.29552346799e-05
0.000159187400518
-0.0239745827013
-0.061317887007
0.0274286907887
-0.0643549442863
0.0280342122349
0.0266055048569
0.00058454166648
0.00248849000122
-0.0250969605933
0.000264050921918
-0.00263579578228
-0.0469461674963
0.0481779343672
-0.0278117517171
-0.0893628225974
-0.0138371287378
0.000216498601579
-0.00447195786212
-0.00486162671796
4.69122464939e-06
1.50851691556e-07
-0.0
-0.0
1.12314294354e-07
1.53619399786e-05
6.24274737557e-05
-0.12289340293
-0.0278416976177
0.0664251961226
-0.0645495737126
0.0230975413027
0.00115638458232
0.0116540789148
-0.0223717606501
0.0163150010127
-0.00359040541717
0.0306933876123
-0.000728971746176
0.0215697076506
0.00332843318223
0.0140994256351
-0.00906421267019
0.0150201277845
-0.0640582612775
-0.0308885947842
-0.0112157888735
-0.0130310995214
-0.000103162689581
4.00665866699e-06
3.23357421396e-07
-1.71118541793e-06
5.56880175498e-06
-0.000782269551777
-0.100235005701
-0.0913630282433
0.0280077462814
-0.0254045985355
0.039817474327
-0.059902842702
0.0103879187704
0.0321867013251
-0.0173770341436
0.0190827830678
0.0250288827925
-0.00408573310024
0.03451999009
0.000750190966314
-0.00860761397668
-0.00376929644963
-0.0133080205404
0.0129556133588
-0.00469425179226
-0.020870601404
0.0359336727363
-0.0633426156778
-0.00565152120142
2.36883186795e-06
1.31406952105e-06
4.42026763401e-06
1.07776131584e-05
-0.00524241791701
-0.0280179140095
0.0472155702028
-0.0164957954288
-0.0368969456484
0.00966633366582
-0.00526104169463
-0.0236102321511
-0.00602892668815
-0.00179211837169
-0.0135897095738
0.0106712899839
-0.002885929304
-0.000979318774063
0.00747583571758
-0.0112834332407
0.00636045645005
-0.00184336493739
0.00481496787276
-0.0357360408941
0.0213189272969
-0.0670646912891
-0.0156167974506
-0.00331657037701
2.84720992767e-06
2.1327829924e-07
-3.44531561029e-07
-0.0995368780267
-0.00878537599458
0.0581132916893
-0.0372649739099
-0.0281999780794
0.0467982605056
-0.0288117508779
0.0327188887916
0.00926208390847
-0.0221730144311
0.0262637307428
0.00886445957046
-0.0149171931938
0.0553380557957
-0.0423467494948
0.0112266522264
-0.00646344126977
-0.0116127102515
0.0174747660173
-0.0355124400411
0.0139457910595
0.0137861120355
-0.00382834322099
-0.0404073927504
-7.87434062672e-05
6.78957850171e-07
-0.0
2.0429430578e-06
1.12841413072e-05
-0.0371004679352
-0.0272333933733
0.00887357319961
0.0348087600732
-0.0490281561834
0.0170435542932
-0.0111980417573
-0.0161199120175
0.0142628967109
-0.0105181778575
-0.0271188557854
0.00547688339784
-0.0238885206488
0.0134559211896
-0.0302626301452
0.00926920628321
0.00766054653889
-0.0203654056525
0.026180443421
-0.0115336916927
-0.0426632517732
0.0355402227857
-0.0352794013941
2.50998986545e-06
-0.0
-0.0
-3.96226447414e-06
6.33066633886e-06
-0.0483700768952
-0.143377069913
0.0442087820333
-0.0281220963872
0.013351332683
-0.0092657561073
0.00200094220402
0.0369814048218
-0.00772821192753
0.0103094758166
0.03979156297
0.00667296933897
-0.0175355509761
0.0048721506278
0.0271475027911
0.000257290648918
-0.0107120009807
0.0162858103036
0.000162186749765
0.0700318775517
0.0248381890199
-0.116488367651
0.0185785804857
2.09038201078e-06
1.69340011189e-07
-0.0
-4.22089727015e-06
-0.00451345720685
-0.0461094805515
0.116349366044
0.0453653760539
0.0458173020049
0.0145976106536
0.0101874306497
0.00135604879175
-0.0238685425246
0.018330733042
-0.00626351552434
-0.027278946492
-0.0069179745567
0.0260236088272
0.00527975887307
0.00314683123767
-0.000892434622027
0.048143487738
-0.0234447737579
0.0137356593203
-0.0542916468693
0.0850153064944
0.100696307214
-0.0904511213606
-1.52156501792e-08
5.80594324208e-07
-0.0
8.74028666409e-07
-0.00935335893652
0.0324727834274
-0.0990326790496
-0.0530626721066
-0.0219240655198
-0.00130449463906
0.00736266670406
0.0144630600695
0.0165468912935
-0.0256258945465
0.0224678955254
0.00874376257716
0.0223060525791
-0.0168368554882
0.000987881975728
0.00766119205127
0.000136974733233
-0.025983945088
-0.0148963838378
0.0267706116801
-0.0348467004385
-0.0424539802632
-0.01294753916
1.86175864818e-05
3.08067542624e-07
-0.0
-0.0
7.59786190678e-07
-0.000835882342364
0.0949449627482
0.0281157306232
0.0228899656894
-0.0127500564081
0.035231789569
-0.0339007236673
-0.00269934144522
-0.00657036421862
-0.00449094639323
0.00861123681552
-0.0106128523607
0.00674523351345
0.0282794802837
-0.0151294790868
0.00298323414005
0.00263934664744
0.0212022319878
0.00692902551258
0.0158221769996
0.0510355050318
0.0347703020508
-0.124557140454
3.01848515171e-05
1.55804281374e-06
-0.0
-0.0
3.76753482942e-08
1.15537734759e-06
0.00874124890855
-0.0406236376532
-0.0296742787141
0.0367622362376
-0.0499108424991
0.0500397325138
-0.00385296001745
0.00206351192078
0.0180275109892
-0.0290110552689
0.0160001234569
0.00906704028268
-0.0236330208075
0.0352282696352
0.00720583772013
-0.00991831605854
0.0193206078771
0.0463043651929
-0.0993353623395
0.0085632745038
-0.0306869906526
-0.0436303886396
3.79860412962e-05
-1.18200130293e-06
-8.22570797105e-07
-0.0
-0.0
-0.0231021798856
-0.0727638207094
0.0665591715003
-0.0300605494707
-0.00789703659557
0.0123445444746
-0.0319104408583
-0.00252197440605
0.00231300941467
-0.0217503754719
0.0407728852825
-0.00782246050421
-0.0360079789974
0.0227131258921
-0.00180450604028
0.011665579605
-0.00377068910128
-0.0531335291574
-0.030139002516
0.0785944194163
-0.0250999668205
-0.0283726165546
-0.0380950010303
4.59920574543e-05
-2.68339294875e-05
-1.50804646135e-06
-0.0
-0.0
-0.0459181129249
0.0504195912136
-0.126142269548
0.0576576984057
0.0175944561287
0.0060348795971
0.00915464745051
0.024667745554
0.00864925841853
-0.013116838907
-0.0104229748585
0.0158252943886
0.0307072104091
-0.0070084725667
-0.017391568323
-0.0152646297755
0.0125395446261
0.0495013552234
-0.027766675194
-0.0457632570435
0.0171885250145
-0.0356472487244
-0.0350939558513
5.13355313173e-05
-2.38727669104e-05
-1.21155379534e-06
-0.0
-0.0
0.0150595396588
0.0986370686805
-0.0396509176905
-0.0302410271371
-0.0282873842385
-0.00122201302238
-0.0352115843518
-0.00127628171975
0.0214032581551
-0.029143420314
0.0039927003851
-0.014005032645
-0.00612479438945
-0.0149243321106
0.00407354874603
0.025711328584
-0.00824056102443
-0.043690252323
0.0304194856781
-0.0104285721199
0.0419797313957
-0.00122232498993
-0.0320060836037
4.62023171518e-05
-8.52493806749e-06
-3.7871478912e-06
-0.0
-0.0
-0.0182866632911
0.0432397729088
-0.102731947402
0.00506964901194
0.00200069140578
-0.0342361258047
0.0887989932111
-0.0168437453367
-0.00799940640518
0.00695684315407
-0.0288514360401
0.00388477996266
0.0276995719554
0.00928129033656
0.0214281066761
-0.000378668429493
0.000103787886646
0.02842265954
0.012697507148
-0.0238831103271
-0.00130841234287
-0.0973200375076
0.0450576723588
2.1401520348e-05
-5.43098618454e-07
-1.60611966316e-06
-0.0
-0.0
-0.0388414642157
0.0838829891955
-0.00777644633565
-0.0495187879224
-0.030118673476
0.0716910577943
-0.128536624285
0.0381649722826
-0.0239891215752
0.0203642248623
-0.0163108952606
-0.019004692123
-0.0300571903416
-0.0284527216942
-0.0214326506719
-0.0268508534521
0.0029300917377
-0.00518528589061
-0.0059804828096
-0.0133763124515
0.0664152323935
-0.0773492813843
0.0375473347256
1.66757298369e-05
-2.33583000628e-06
-0.0
-0.0
-0.0
-0.0425842630694
-0.111301166949
0.0663744456564
0.023638431426
0.0479146974475
0.0621922400978
-0.00169379641217
-0.0126692052502
0.0280516334258
-0.0460773221814
0.0228425595665
-0.00684582851853
0.0266061319469
-0.0026143923691
0.0176628007434
-0.0082224006384
0.00913042535799
0.0168238173652
0.00782735683167
-0.0454068685824
0.00550576448456
0.0729792691016
-0.0300792692538
-0.00216020137697
1.04413800006e-07
-0.0
-0.0
-0.0
7.52166813173e-06
-0.00447437731935
-0.0302154290961
-0.117044433301
-0.0614518846426
-0.0266761322788
-0.0004658050723
-0.0368782376096
0.0242835368517
0.00824334450987
0.0142894275568
-0.00872936666607
-0.000609499035102
-0.0226337221262
-0.0316786401571
0.00386865756182
-0.0190233878697
-0.0506998069264
-0.0439126827763
-0.00947944175112
-0.0875074858463
0.0638932844147
-0.0349440587295
-0.00601976459373
-0.0024826333333
-0.0
-0.0
-0.0
1.62170707346e-06
-0.00514564057964
-0.0147430158862
0.106706714797
-0.0554051463529
0.00128796332047
-0.000503021003023
-0.00573415969912
-0.02190540124
-0.0165016338418
-0.029165794357
-0.0150498291937
-0.0217499465436
0.019737447798
-0.00221817826612
-0.0182172820329
-0.00895398299767
0.0104608864133
0.0594709796948
0.0365656923422
0.015432490749
0.0338439223401
0.00541643800806
-0.00260213504876
-0.00948270580915
-0.0
-0.0
-0.0
-0.0
-0.0339084793989
-0.0863429285519
0.0551510721804
0.00345524452836
0.044355804296
-0.0235439989266
-0.00762690661581
0.0118306928264
-0.00845403439544
0.00359637253589
0.00336403834624
0.000879171660148
-0.0101883805687
0.018775995794
0.00631813808429
-0.00664558635132
-0.0258447891124
0.00710799876327
-0.00230852046504
0.0160921669626
0.081179042091
-0.000303745593086
1.92359672316e-07
-0.0
-0.0
-0.0
-0.0
-0.0
-0.00892997903969
-0.0398820539027
-0.0366824142827
0.0401649488845
-0.0373788156299
0.024204429028
-0.00599983989822
-0.0015807947531
0.00303075401928
0.000213283241082
0.011484204318
-0.0128511372947
0.0103830295187
-0.044521511082
0.0414145059532
0.0223961047398
0.0466513218112
0.0032444671439
0.0661315542971
-0.0694388221063
0.00760841086592
0.0305397597089
-0.0
-0.0
-0.0
-0.0
-0.0
-0.0
0.0066732193764
0.0457790481355
-0.0396155859465
0.0217461894732
0.00956316485048
0.0122559148051
0.0251414463174
0.000353351806329
0.00667725254414
0.0267789631767
-0.0210318903352
0.0429871646537
0.00393675313466
0.0756282750868
-0.0406293766041
0.0555817078436
-0.0602584431515
0.0572632160087
-0.0343547885854
0.0392766092049
-0.00062071792914
-0.0
-0.0
-0.0
-0.0
-0.0
-0.0
-0.0
-0.0
-0.0
-2.03191312836e-05
-0.000564234753187
-0.0205282292845
-0.0114185423406
-0.0459727143058
-0.0754990761804
-0.0326785404901
0.0488608965639
-0.118332815765
-0.0322422019564
0.0791330199116
-0.112247166375
-0.00737577135815
0.00573819301199
0.00283217342164
-1.85438212105e-06
-0.00067366479601
-0.00066988236393
-0.0
-0.0
-0.0
-0.0
-0.0
-20.900021449
