-0.0
-0.0
-0.0
-0.0
-0.0
-0.0
-0.0
-0.0
-0.0
-0.0
-0.0
-0.0
-0.0
-0.0
-0.0
-0.0
-0.0
-0.0
-0.0
-0.0
-0.0
-0.0
-0.0
-0.0
-0.0
-0.0
-0.0
-0.0
-0.0
-0.0
-0.0
-0.0
-0.0
-0.0
-0.0
3.44910093463e-06
1.20586652199e-05
1.66835584577e-05
-1.39660458231e-06
-7.052017651e-06
3.21972967823e-06
1.23902111932e-05
-6.62420989277e-06
-0.0003278112508
-0.0011185454845
1.66631973044e-05
4.54800474976e-06
5.84074763482e-06
9.38852523894e-06
5.62368158526e-06
3.29271574055e-06
-0.0
-0.0
-0.0
-0.0
-0.0
-0.0
-0.0
-0.0
-0.0
1.95352313139e-06
-8.27031684283e-08
-1.3192634067e-06
6.72460303587e-06
3.77428335657e-05
6.76308872985e-05
4.87637891185e-05
8.6290951069e-05
-0.000313721303771
-0.000467824268432
-0.000498114794774
-0.00111999477665
-0.00119956595721
-0.000978177893477
-0.000866760764167
-0.000490173273469
-0.000185444136558
-0.000146524515159
-1.98805805342e-05
7.83383676791e-06
3.45566544077e-06
-0.0
-0.0
-0.0
-0.0
-0.0
-0.0
-0.0
5.00519884803e-07
6.14948408286e-06
3.33543818318e-05
4.70520813524e-05
0.000154500204234
1.27395603377e-05
-0.00032788397533
-0.00310694998099
-0.00291785735758
-0.00151416775291
0.00163898480726
-0.000149729506493
-0.00254389470852
0.00161294326877
-0.00242129505215
-0.00038075861529
-0.000120249597498
-0.000153279878027
-0.000463925166602
-8.34366781196e-05
1.33657768449e-05
-0.0
-0.0
-0.0
-0.0
-0.0
-0.0
-1.67633632618e-06
-3.14036395423e-06
3.02300788757e-05
0.00012072430053
0.000106893417247
-0.000130382870574
-0.000437478495522
-0.000614748025695
0.000990247430448
0.000419271121904
0.0040180847799
-0.00131914553749
0.00104758365862
-0.00188431407104
0.00145986283474
-1.40783368838e-05
0.000694060940518
0.00241591014676
-0.00174320003136
-0.00194649147689
0.00179324690459
0.00168540452269
-0.000145254433479
-0.0
-0.0
-0.0
-0.0
2.36604195811e-06
8.35267787941e-06
6.0165478643e-05
-0.000661287093415
-0.000572159893415
-0.000121610653914
0.000165647533941
-0.00102102640398
-0.00136004833665
-0.00157504983013
-0.000925571805305
-0.00236092758002
0.00195646686383
0.00108264358175
0.00241990507788
-0.00121801951696
-0.000347030804241
-0.000446262067209
-0.000240477514085
-0.000121843899286
-0.00158853476147
0.00125140632643
0.0003995748499
-0.000960674742725
-1.69873583697e-05
-2.05652715382e-06
-0.0
-0.0
3.04774484406e-06
1.37773490211e-05
-0.000142131454748
-0.0010119534559
-0.00103488001235
-0.000204053952853
0.000245544030203
-0.0015383194474
0.00196177258297
-0.000196446516273
0.00179266198876
-0.00103172908841
0.000361499071251
-0.001704800504
0.00078441512344
-0.000313133232122
-0.00109952560964
0.0028758163652
-0.00116445860821
0.00226813224484
0.000434319335882
-0.00142101076763
-0.00114586126627
-0.00190934333392
-0.000644251580949
-0.000489618088248
1.30627162717e-06
8.3576471794e-06
5.82142988517e-07
4.49141289904e-05
0.000200106095439
-0.000551675046353
-0.00029861332787
0.00155430085083
-0.000677870044438
0.000153496984484
0.000197367272914
-0.000808287354122
0.000372184078164
0.00153048665179
3.7926710453e-05
0.00164306405767
0.000462990979916
0.000814703723537
0.00018178319832
0.000976029183069
0.000235205012339
-0.0018849256698
0.0003196323153
-0.000432975711615
-0.00105346710062
-0.000924523871955
-0.000151546248874
3.62482913021e-06
5.30899315757e-06
1.63162052455e-05
1.91579723232e-05
0.000117842020242
-0.000191667321584
-0.000215984171181
0.000696098683929
-0.000761263312709
-0.00131940121087
-0.00168644770891
0.000494527442113
-0.0010699384688
0.00030757195649
-0.000643162078415
0.000859497045543
-0.000326795594835
0.00140075722629
-0.000424919934253
0.00304095861489
-0.000894180045909
-0.000198563857313
1.68252278646e-06
-0.000756579279487
0.00102690021051
-0.000402245506071
-0.001593251663
-0.000154749994166
-1.84829917082e-05
8.6173519371e-07
1.79239581824e-05
4.65652149499e-05
0.000180111925864
-0.000430499333234
-6.32542441021e-06
0.000215019056965
-0.00136243719197
-0.00022409288384
0.00092272696327
-0.00109054413427
0.000920122350238
-0.00158468231601
0.00157975361844
0.00132770869079
-0.00103054109609
0.0022565403707
-0.00186108623271
0.000724975440143
0.00108720110574
-0.001767447224
0.000160093356592
0.00136224908043
-0.000305572584327
0.000413078590981
-0.00124256111
-0.000122744568933
-1.57535302849e-05
-0.0
1.57277570525e-05
4.1862403334e-05
0.000171981948389
-0.000527406140324
0.000904457922229
-0.000387984271586
0.000762529597591
6.54121195807e-05
0.00168268461289
-0.000539816108795
-0.000233959792665
6.10703856064e-05
-0.00119054644119
0.000745247839434
-0.000714494084104
-0.00134469394783
0.00116668516866
0.000576941243187
0.000183469561564
0.000492120324024
0.00142769028446
0.00140841937691
0.000293269174564
-0.000180744285472
-0.00113953118736
-2.85901680996e-06
-0.0
-0.0
-1.43243955838e-06
5.31059662859e-05
0.000161145270325
-0.000462049602902
-0.00042084672486
0.00038657819314
-0.000246863548059
0.000652172528983
-0.00120619157145
0.000993126908051
0.00172343965014
-0.000839498126127
0.000912924906997
-6.09649506178e-05
-0.00111297122066
0.000244029269213
-0.000462602687715
0.00151540381575
0.000680210119506
0.00145455167975
0.000890842559905
-0.000621184403988
0.000461523818887
0.00116552055379
-0.000159573494061
1.12992824568e-05
6.90779490834e-08
-0.0
1.27019575732e-06
3.9075860627e-05
0.000105864861424
-0.00171792026917
-0.000265088935591
0.000839753439434
-0.000726818837405
0.000922857594161
-0.000157539734075
-0.000796955216621
-0.000941885846789
-0.000248385506628
-0.000878964218487
-0.000508113745835
0.00123159757698
-0.00204198564409
-0.00100106336664
0.000192269446446
-0.00126932294789
-0.000156787475247
-0.000546287007504
0.000437905503615
-0.000284227538727
0.00124679619537
2.85103571523e-05
4.45868264906e-06
2.35657796105e-07
-0.0
1.22739066606e-05
5.624601048e-05
2.88255131731e-05
-0.00263227899471
-0.000108398835389
0.00205030518566
-0.00199703561829
0.0025499261671
-0.00131491652133
0.00128635448599
-0.000872931211214
-0.000723255077384
-0.000404514426137
-0.00195117646412
0.000120361446108
-0.00271637100391
0.00167518524296
-0.00158209356002
0.000526589018552
0.000332038145876
-0.00147920110834
0.00106191508928
0.000671520216091
0.00019537556652
-0.000546900668232
2.02013004669e-06
-0.0
-0.0
6.23217951008e-06
1.44187960867e-05
-7.93278219582e-06
-0.00365507758294
0.0022355565142
0.00169997865405
0.000649743773585
-0.000839782893277
-0.00186121472982
0.00309331805037
0.000202329370131
-0.000810956533329
0.00191139255255
-0.00495537517497
-0.000373587278556
-0.00124490969951
0.00040302967946
0.000706314303301
0.000217502079322
-0.000243298536263
-6.14246459266e-05
0.00233850319683
9.97531699491e-05
-8.63425387427e-05
-9.91485568828e-05
4.92440528174e-07
-0.0
-0.0
3.09040927224e-07
9.47842509449e-06
2.95842806183e-05
-0.000410789022849
0.00108705003321
-0.00141417570923
0.000545827751279
0.00177697649089
0.00088869942711
0.00195543625452
-0.00231191899944
0.00242396433317
0.00134164140118
-0.00427913056676
0.00228643519048
-0.00250984914113
-0.0015394560199
0.000136037626777
-0.00212943686591
0.00215550587543
-0.000300019214723
0.000998128208161
0.000318011651149
0.000998991154223
7.10091703443e-05
-7.89204683361e-06
1.43963639839e-07
-0.0
-0.0
-1.87639631299e-05
4.45959673731e-05
-0.000422963061332
-9.07469811451e-05
-3.74690174318e-05
0.00178896674923
0.000495553126994
1.46679517992e-06
-0.000540128983339
-0.000740957625632
-0.000191678172445
-0.00334965961869
-0.00442531609031
0.000230113118191
8.84127961599e-05
-2.39481897697e-05
-0.000742005434437
0.00100217392642
-0.000143013963487
-0.00157410598802
-0.00245245141996
0.00144790219278
0.00115992839547
7.31754961469e-05
9.54951578438e-06
2.63705524567e-07
-0.0
-0.0
-2.29253293469e-05
-0.000258296666594
-0.000438181077218
0.00171951971337
0.000413761410706
-0.00056308993109
-0.00109712394114
0.00134564465804
0.00173733500515
0.00104921337043
1.09832450104e-05
-0.000629425073804
0.00204438693392
-0.00123584036276
-0.00188678397884
0.00172060910281
-0.00108255189204
0.000600454636573
-0.00173304106283
0.00106796133758
0.00168808894476
3.53449744928e-05
-0.000812790054186
-0.00121505935604
2.82224419257e-05
-5.65724939739e-07
-0.0
-0.0
1.11995936936e-05
-0.000688001653524
-0.00221092881065
-0.000271267607812
0.0002954707556
0.00167640580202
0.00120562436269
-0.000939027730962
-7.95926071312e-05
0.000431229649057
-0.000900943583988
-0.00311114210329
0.00117419224414
-0.00176477618274
-0.000820828725282
0.000254939706481
0.000749798250463
-0.000822905127153
0.000153826205117
0.00300782838528
-0.00080063030975
-0.00274508278593
0.000453975823438
-0.000412923223888
1.4729623885e-05
8.15184437416e-06
-0.0
-0.0
2.50713136877e-06
-0.00136285561804
-0.00013002002588
-0.000533710642927
0.00117826612955
-0.000186438043457
0.000949257265246
-0.000241872939978
3.19415444163e-05
0.000183710928611
0.00240585590295
-0.0032054650581
0.000233400396215
-0.00237064965574
0.00208434744305
-0.00119761654787
-0.000746327926895
-0.000326840501122
0.000959169890896
-0.00132159165284
-0.000443295396371
-0.000676886004634
0.000291803160922
7.89693902219e-05
4.65856446953e-06
5.05986062349e-06
-0.0
-0.0
7.34660701884e-06
-0.000816691929614
0.000850936497864
-0.000418951470923
-0.000443120045776
-0.00161026166282
0.000159834018953
-0.000666380470641
0.0021354987166
-0.000522908240141
0.00059901699184
0.00194714430874
-0.000292614681288
-0.00014069252355
-0.00317379001431
0.000552296430477
0.000301916749879
-0.000795689057906
-0.000508206499271
-0.000462310009855
-0.000460450698445
-0.00033455286949
-0.00112538254362
3.18929270481e-05
1.92599184734e-05
-0.0
-0.0
-0.0
-1.72805584157e-05
3.59185635714e-05
0.000139888244326
-0.00126729453375
0.00158556400629
0.000488545935824
-0.000279355731679
0.000139159992448
0.00137394284358
0.00110816829022
-0.000515942326923
-0.00162198180426
0.000246481453254
0.000582149885358
0.00102914909056
-0.00323039600279
0.000148801832618
-0.00180751729152
-0.00202453388246
0.00165267711959
-0.000697879617356
-0.00210251382366
-0.000973413766265
1.67147722064e-05
1.05150499017e-05
-0.0
-0.0
-0.0
-3.35968116542e-05
0.0011707610335
0.000370678907419
0.00110244461233
0.00199171647426
-0.00274383644494
-0.00105381882192
0.0014194013933
2.53426182109e-05
-0.000959181020115
0.00160059782157
0.000714510531682
0.000663050368121
-1.11932909104e-05
-0.000451900710481
-0.00109380697395
-0.000521309506548
0.000778236282464
0.0011832147161
0.000447567966933
0.000685253049328
-0.00114714824715
-0.00123741316833
2.30307524032e-05
1.25422056494e-07
-0.0
-0.0
-0.0
-3.65293596506e-06
-2.33347690998e-05
-0.00191511288159
0.000277102148323
0.000848349933591
-0.0014669389686
-7.52657690643e-05
0.000799438450362
0.000788869680248
0.000480161891502
0.00122844753772
0.000449657142997
0.000767752588739
-0.000143214501678
-0.000372770674757
-0.000212897611766
-0.000490493303055
-0.000553410442622
-0.000489511463883
-0.00118463151758
0.000410301259366
-0.000541671203436
-0.000350492499088
1.06423391478e-05
-7.35518252611e-06
-0.0
-0.0
-0.0
-0.0
1.89111660658e-05
-0.000897307356393
0.0011762836693
-0.000580767160171
-0.000668882871203
-0.00137134847702
-0.000243309055372
0.00107395127198
0.00047887643215
0.000459063056045
-0.000153630717299
-4.47319860854e-05
0.00166116126378
-0.00086820989211
9.59850811442e-06
-0.000115649789772
-0.000205654652705
-0.000757278120084
-0.000397123357436
-0.000125466878068
-0.000362784306313
-0.000180862542534
1.55619342647e-06
-0.0
-0.0
-0.0
-0.0
-0.0
8.22663711672e-07
1.17887073915e-05
-0.000898758284869
-0.000918316184385
-0.00117124453706
-0.000928650014619
-0.000640938173083
-0.00490340333901
-0.00245326520727
-0.000795123906417
0.000557745390078
-0.0029842683473
-0.00169774854351
-0.00057971204875
0.000575468737027
-0.000381021949343
-0.000659735230544
-0.000884880679827
-0.000991649916771
-0.000991328927374
-0.000618739156362
-8.98102280061e-05
-0.0
-0.0
-0.0
-0.0
-0.0
-0.0
7.52601872941e-07
1.07862819112e-05
-0.00094963197118
-0.000713053119175
-0.000523367658706
-0.00011220049821
0.000301450849386
-0.00104109035102
-0.00173497451826
-0.000850694785732
-0.00132637679567
-0.000906262097688
0.000581777908081
0.000495759396481
0.000299164536278
-0.000105611731788
-0.000146564907728
-0.000324013743016
-0.00105737099422
-0.000977418396455
-0.000481356290635
-0.0
-0.0
-0.0
-0.0
-0.0
-0.0
-0.0
-0.0
-0.0
-5.12468565547e-06
-2.25862909699e-05
-6.25017404301e-05
-7.57320991375e-05
6.44580444432e-06
6.70935713713e-06
2.68475318968e-05
3.02342322697e-06
1.85471908346e-06
1.83716352886e-05
4.82521286038e-05
6.5559371969e-05
3.84650083985e-05
1.23786133737e-05
6.50656776941e-06
5.86250948084e-09
-0.000239392166007
-0.000240931254487
-0.0
-0.0
-0.0
-0.0
-0.0
-2.09401756547
