-0.0
-0.0
-0.0
-0.0
-0.0
-0.0
-0.0
-0.0
-0.0
-0.0
-0.0
-0.0
-0.0
-0.0
-0.0
-0.0
-0.0
-0.0
-0.0
-0.0
-0.0
-0.0
-0.0
-0.0
-0.0
-0.0
-0.0
-0.0
-0.0
-0.0
-0.0
-0.0
-0.0
-0.0
-0.0
-6.14658084828e-07
-7.2794601141e-07
3.53747726272e-07
3.63664340009e-06
8.34163055102e-06
4.37421592809e-06
4.55369175977e-06
4.47390287611e-06
1.18907982758e-05
6.5489671438e-06
9.95930517617e-06
1.28154113542e-05
4.64630484722e-06
4.1421689263e-06
1.67002908849e-06
5.36482891863e-07
-0.0
-0.0
-0.0
-0.0
-0.0
-0.0
-0.0
-0.0
-0.0
-1.95616132952e-07
2.50322793423e-08
2.19140939027e-07
-4.67234949161e-06
-3.55298860142e-05
2.97898168679e-05
7.63954110783e-05
4.63976369415e-08
-0.000400997512183
-0.000394521709381
-0.000790368804235
9.46092332615e-05
-0.00120548118967
-0.0051719561783
-0.000631127767043
-0.00212394665082
-0.000322558334853
4.15474813732e-05
3.85564640528e-06
-2.0376157267e-06
2.69135745277e-07
-0.0
-0.0
-0.0
-0.0
-0.0
-0.0
-0.0
6.35286780487e-09
6.80124824484e-06
1.28643829529e-05
-8.94146296438e-05
-0.000345707947959
-0.00125200669566
-0.00139724348172
-0.00086644497991
-0.000710720515386
-0.00253886852719
-0.00326003559147
0.00130804106186
-0.00120782495985
-0.00267998502896
0.00021805251081
-0.00248480207145
0.000670492473815
0.000868134198278
-0.000190409591081
7.25514609198e-06
5.66264517819e-06
-0.0
-0.0
-0.0
-0.0
-0.0
-0.0
5.82154445286e-07
-4.26327494226e-05
-0.00140772238096
-0.00408252117188
-0.00262982234172
0.00171229041491
-0.00748081837565
-0.000114409768141
0.000845389631226
-0.000461169339604
-0.00174662706704
-0.00393660438734
0.00337067136921
-0.00160162164242
-0.00434861012613
0.00555909928698
-0.00316449117364
-0.00156755122446
0.000515925071608
-0.000129644565585
0.000631760698188
-0.000400159136172
-7.79244625651e-05
-0.0
-0.0
-0.0
-0.0
7.10124053638e-07
3.66488306628e-06
-0.000955177783815
-0.0033235926293
-0.00169515041201
0.00477419583061
-0.00109969911081
0.0014878376546
-0.00377761590778
-0.00284009413714
-0.00179417173344
-0.00141823577392
-0.00122772553003
-0.00134769107588
0.0036152000694
-0.00247715878866
-0.000332307578756
0.000522893656695
0.0018896841804
-0.00224635211524
0.00277993962576
0.00497472040391
-0.000990652015329
-0.000271683497927
5.62790931469e-06
-2.41221487711e-07
-0.0
-0.0
1.51921657515e-06
2.63732715134e-05
-0.000380084601185
-0.00349197319632
0.000880680472171
-0.000330572652011
-0.00409052810609
9.34941193793e-05
0.00217886161798
-0.000443147063454
-0.0032712780898
0.00287769180688
-0.00214328335137
5.84609321271e-06
-0.00477814108589
-0.000161743162282
-0.000216193957886
0.000374538586793
0.00165323599248
-0.00255974016897
-0.00247930091333
-0.0021297439372
-0.00411047539255
-0.0016962037691
1.70066457762e-05
1.13443482341e-05
-5.14023465179e-07
7.76402394262e-06
1.14528011637e-05
5.9561829576e-05
0.000205309373802
-0.00306451505485
-0.00346999031943
0.00183695336843
-0.00162288409322
-0.00133995285927
-0.00312309970199
-0.00013446371957
0.00112670815193
-0.00297672791597
0.00250755545537
-0.00177301508578
0.00065177751293
-0.00268478286169
0.00142981992014
0.00186312288137
-0.00340193677897
0.00413039970447
-0.00128563137034
-0.00299889677012
-0.00312773895962
-6.21761789819e-05
5.85134086623e-05
4.63281732226e-06
-2.09099579636e-06
1.73298851741e-06
2.70585693179e-05
0.000123335334974
0.000298994370462
-0.00419066031698
-0.000569012610704
-0.00118363036771
0.00369122410709
-0.00289080108713
-0.00169531654315
-0.00251586577516
0.00175469875565
-0.000767658034818
-0.00197282059241
0.00247589906551
-0.000297686665201
0.000656001446453
-0.00046798376014
-0.000703851534864
-0.00132361338466
0.00156474575172
-0.000278345850868
-0.00278571362994
-0.00260409708515
-0.00102262261109
-0.000129346827942
3.81824965856e-06
-3.39417370154e-07
-0.000485316553412
3.92138330245e-05
0.000116403453046
0.000181538553184
-0.0025156180477
-0.00242675993047
-0.00171991745853
-0.00150595807639
0.00116501132586
0.000414650883668
-0.000592842517986
-0.00265663362106
0.0033690961901
-0.000593100309237
7.22884475841e-05
-0.000375566665618
-0.00101701478614
0.000109436790563
-0.00195013791144
0.00189987027113
-0.00126424193862
-0.00298872525394
-0.000917466266775
-0.00085840774322
-0.000755855673459
-0.000159096045739
1.25154845793e-06
-0.0
-6.30554876878e-05
3.31467512111e-05
-5.18135292844e-06
2.4945909162e-05
-0.000491795497437
0.00145307360273
-0.00165527408297
-0.00211034026645
3.26271372133e-05
-0.00264291033862
0.00200095003982
0.00144467767247
0.000984611020254
0.00111305903265
0.00173106703989
0.00334824346985
0.000430470799081
-0.0023145019434
-0.000844129985001
-0.000541986062506
0.000891486597548
-0.00155613321737
-9.20520228232e-05
6.32610007068e-05
0.00252916555715
-5.90961055265e-05
-0.0
-0.0
-4.73424030904e-06
2.71143498051e-05
-0.000328482541326
-0.00189254904586
-0.00236673288251
2.46500687339e-05
0.000262816733184
-0.00270246937602
-0.0028326415421
-0.00166632299954
-0.000362415620371
-0.00224369845938
-0.00103795638702
0.00148402275279
0.00213658387662
0.000226408034779
0.000875067277918
0.00124170490454
-0.00037708755205
-0.00363720971818
-0.00181698556976
-9.01473622761e-05
0.000401605229567
-0.000216646899135
0.00334439482822
-5.63645412214e-05
1.98825390866e-07
-0.0
-8.73442498639e-06
1.50884016731e-05
-3.76586358765e-05
-0.000257375278163
-0.00100462969094
0.00199158687927
0.00156440035339
0.000795630921911
0.00062770742267
0.00049320837756
-0.000454837146804
0.000300951653358
0.00243037140109
0.00016378218367
-0.000170501607356
-0.00070631855013
0.00094647560082
0.00342052460625
-0.00202055358877
-0.00187763342532
-0.000424849145799
0.00108539198341
-0.000754222355515
-0.00153074333955
-0.00133715889413
-0.000607966823964
6.85368175507e-07
-0.0
-1.21421757666e-05
-1.06691354711e-05
-6.11426029001e-05
7.74130252067e-05
0.000630697007637
0.00427105207947
0.00146778782598
-0.00302982637565
0.000566908788056
-0.00101919636491
-0.000297828475073
-0.00350417304723
0.000903798118067
0.00470985474466
0.00244364507878
0.00146624623437
-0.000126350144356
-0.0011623404465
-0.00127445038076
0.000115179494537
0.00039588984832
4.72040701377e-05
-0.00137364613611
-0.00218306537073
-0.00100469421041
-0.000334347908295
-0.0
-0.0
-5.61692709996e-06
-1.18676605148e-05
-0.000108745389463
7.02583543165e-05
0.0023955225151
0.00174977817599
-0.00224021819124
0.000836932853694
-0.000158197001394
-0.00374036281667
-0.00208112522903
-0.000201749570333
0.00157725157375
-0.00378876186764
-0.000544759750831
-0.00318572418235
-0.00522099855392
0.00298542644647
-0.0035000199586
0.000450485347145
-0.000670968446628
0.000639556971178
-0.00111173793297
-0.000782306658936
0.000555121427864
0.000311246909153
-0.0
-0.0
-2.78560674667e-07
-8.54088033718e-06
-5.91042784333e-05
9.81787326672e-05
0.000200951823695
-0.000670978855347
-0.0034349924886
0.00253605973188
0.0015972973838
-0.00495706706676
0.00251806776322
-0.00190787523117
0.00479577806463
0.00370264515352
0.00184891283064
0.00589359837487
0.000668893177708
-0.00150302041498
-0.00424166101942
0.000195186256187
-0.000494794696289
0.000923225552079
-0.000749872902702
-0.000571639944051
0.000159305952451
0.000135746468656
1.57956642795e-08
-0.0
-0.0
8.32640538259e-06
3.34408618098e-05
0.000185216067429
0.000981047524775
0.000475755784594
-0.000975589047604
-1.97196385721e-05
-3.05073405478e-05
-0.000346685873264
-0.00143010781475
-0.000941647428042
-0.0027986814958
0.000997186464473
-0.00364343350021
-0.00201512014943
0.00153705033806
-0.0015600838761
0.00104231169798
-0.000309852037376
-0.000983412552205
-0.000297162954559
-0.00118329343269
-0.00172308522628
-0.000892315640032
1.02625631283e-05
2.96580764276e-08
-0.0
-0.0
1.81274989563e-05
-0.000403554480979
-0.000281088474984
0.00105552343379
0.000271036155214
-3.15954176723e-05
0.00144458036153
-0.00048671965678
-0.00202542073317
-0.00154108203565
0.00245327142562
0.000798369647298
0.00215708706284
0.000591981074874
-1.86502958554e-05
0.000803744537108
-0.00212055630501
-0.000404695523803
-0.00164762759638
-0.000774337219868
-0.000895548711768
-0.000998823043051
-0.00057608077199
-6.50635152456e-06
5.05311516989e-06
-3.10758176736e-06
-0.0
-0.0
1.49327086251e-05
-0.00115341937755
-0.00144951297137
-0.001661206603
-0.00202018689618
0.00104515240479
0.00204533996547
-3.92001007645e-05
0.000157612737697
-0.00105806618623
0.000982655817506
0.00234841878837
0.00160019791189
-0.0012846176346
-0.00336700489142
-0.00252990632661
-0.00150991048982
-0.00186858128935
0.000652000538224
-0.000415431746599
-0.00148777083103
0.00051537059162
-0.00045459252781
2.78477976361e-05
1.47039831067e-05
0.0023821683157
-0.0
-0.0
2.93110656061e-05
-0.00163929062587
-0.00159867430006
-0.00171619300197
-0.00102156870066
-0.0044648687467
-0.000662102679078
-0.000187934026188
0.00155642461501
-0.00184362145702
-0.00396973610899
-0.000442582838119
9.4957065983e-05
0.00248253783553
0.00184690426595
0.000665113516643
0.00348153724393
0.00557104971446
0.00328125707658
-0.00248860189492
-0.00240362556902
3.25941835746e-05
-0.000228294561035
-0.000545889880158
-4.06539183641e-05
0.00102816733742
-0.0
-0.0
4.75873446514e-05
-0.00136963544995
-0.00255482367907
-0.00376771336132
0.000582548638985
-0.0042968298926
-0.0023176628425
0.000637089521565
0.00122205159032
0.0022250748804
0.00217134561329
0.00135770161745
-0.00249028510686
-0.000319974061426
-0.00325492404323
-0.00241890449803
0.00223841705516
-0.00154497016053
-0.0026349886637
0.00361866008042
0.00283429858629
-0.00104933714261
0.00403889210568
-6.05454278356e-06
-0.000322404572224
-0.0
-0.0
-0.0
3.25248837983e-05
0.00131921098509
-0.000243065362695
0.000549878278969
0.00445308598031
0.00519140814587
7.8276747815e-05
-0.000393184134683
-0.000403351950142
0.00245054129307
-0.0022823498399
0.00125094486379
-0.00256742884633
0.00445351596861
0.00371475784427
-0.00124943022971
-0.00295020747768
-0.00244651142716
-0.000538116268524
0.00369176531693
-0.0016002911965
-0.00129082895319
0.00331656883013
0.00236244532761
-2.29886502348e-05
-0.0
-0.0
-0.0
1.56551210206e-05
0.00176395301433
0.00440566391702
-8.53746268142e-05
0.0019449708432
0.00382789687095
-0.00218614214476
0.00118741439412
-0.0028584605655
-0.000106461673872
-0.000987500469272
-0.00276177870974
0.00337429843762
-0.0039093280401
-0.00187309181795
0.00550706563139
-0.00162137677864
0.00312396352096
0.00279910874368
0.00162924134703
-0.00228688421311
0.000140889266977
0.00202795242619
0.00201775699732
-6.98637701974e-07
-0.0
-0.0
-0.0
8.70606573535e-06
2.28297784295e-05
0.000515436927738
-0.00518149463031
-0.00275190836921
-0.000272185355943
-0.00221520431605
0.000861322697292
0.000250138503275
-0.0013402078308
0.000331220808132
0.00161136756532
-0.00276855275198
0.00429300608891
0.00196158171139
0.00221570249063
-0.00189795254959
0.00137158863599
0.00461620483821
-0.000759353835275
-0.00146033116153
-0.00094717685643
-6.50761435937e-05
-2.16455788673e-05
4.99627051988e-07
-0.0
-0.0
-0.0
-0.0
1.29193983973e-05
-0.00102543062007
-0.00679321736111
0.000666296303606
0.000139125741701
-0.0046445670971
-0.00136499886919
0.00062547426701
-0.000992233534256
-0.000813491398614
-0.00472039331058
0.0020082686158
-0.00522129549426
-0.00317632731038
0.000948344899254
0.00269966573398
-0.000794141239441
-0.00441323819423
-0.00543377763814
6.59701227503e-05
-1.65287620417e-05
-6.38536110903e-05
-1.19105204081e-05
-0.0
-0.0
-0.0
-0.0
-0.0
2.19176376385e-06
-1.42442743379e-05
-0.000265115346407
-0.000480520652758
-0.000550893660696
-0.00431097158867
-0.00341040828688
-0.00271233747082
-0.00534225720057
-0.00652921803649
-0.00126881295915
5.59459620492e-05
0.00463218359541
-0.00404170311231
-0.00163923161244
-0.000433262751694
-5.14751117179e-05
-1.50059853833e-06
8.15859297765e-05
3.5229279865e-05
5.89621054706e-06
9.94772269916e-07
-0.0
-0.0
-0.0
-0.0
-0.0
-0.0
-9.42519914628e-07
-1.871081438e-05
-6.52051311437e-05
-2.01379414411e-05
0.000115820407718
8.35388928277e-06
8.05368745286e-05
-0.0010536704136
-0.0018294031702
-0.00482740086772
-0.00252952179177
-0.00222300995048
-0.00239833266697
-0.00301681435024
-0.00112566857818
4.21383290516e-05
-1.93075756556e-05
3.29546096259e-07
-8.47235553683e-05
-0.000170006691047
-0.000151595526253
-0.0
-0.0
-0.0
-0.0
-0.0
-0.0
-0.0
-0.0
-0.0
1.11022813023e-06
5.66772864904e-06
1.56202902e-05
1.82614361426e-05
2.57391298807e-05
4.30209447418e-05
5.64942805242e-05
9.38889054051e-05
9.73265378604e-05
7.01462972406e-05
3.57349313435e-05
3.50729487729e-05
1.64063687748e-05
-3.79584185196e-06
8.882401903e-08
2.40615516184e-06
5.45567525086e-06
2.82130500126e-06
-0.0
-0.0
-0.0
-0.0
-0.0
-1.13448932741
