-0.0
-0.0
-0.0
-0.0
-0.0
-0.0
-0.0
-0.0
-0.0
-0.0
-0.0
-0.0
-0.0
-0.0
-0.0
-0.0
-0.0
-0.0
-0.0
-0.0
-0.0
-0.0
-0.0
-0.0
-0.0
-0.0
-0.0
-0.0
-0.0
-0.0
-0.0
-0.0
-0.0
-0.0
-0.0
2.56646709884e-07
-0.00186229362025
-0.00436623796398
-0.00294888709045
-1.87353328292e-05
1.27653490317e-06
5.25458433652e-06
-1.49591920863e-06
0.00180606189224
0.0282697288416
0.000703154183438
-0.0004606909858
1.55981882479e-06
-4.53373615931e-06
-6.22857784696e-05
-4.30887912824e-05
-0.0
-0.0
-0.0
-0.0
-0.0
-0.0
-0.0
-0.0
-0.0
8.40013801216e-07
8.10995012052e-08
-2.68838860094e-08
-0.000572004916591
-0.00475807916741
-0.00530687066905
-0.00444182630456
0.000893694547801
0.0154309591015
0.000153910416351
0.00368263601013
-0.00150364869332
-0.0140896057368
0.00444434874422
-0.00312591977325
0.000481134525955
-0.0036545184141
-0.00558224158489
-0.00119562961057
6.3821736552e-05
2.88771501542e-05
-0.0
-0.0
-0.0
-0.0
-0.0
-0.0
-0.0
-2.21168743135e-07
-0.000619533577245
-0.00809750687475
-0.0055059224424
-0.00596192954717
0.0101771450822
0.00155463996124
0.0145378358645
-0.0153507412439
0.00615844407716
0.00108804833787
-0.00775718884671
0.00666686315662
-0.00293500951109
-0.0145464577168
-0.00386892908284
0.00445552933765
-0.00564535184687
0.0161387869662
0.00047979514751
1.64571507475e-05
-0.0
-0.0
-0.0
-0.0
-0.0
-0.0
-0.000218111086831
-0.000985501087455
-0.00168831865557
0.00568653334648
3.24564814773e-05
-0.0161835087113
0.0234236652235
-0.00438807778594
0.00642619413363
-0.00760235734699
0.00213054997083
-0.00109329223187
-0.00178163104632
0.000706286530818
-0.00418970069943
0.00468846047492
0.000538185205279
-0.00534635711407
0.00979053494352
-0.0148182100359
-0.00725079469007
-0.0041602094696
-0.00623811146347
-0.0
-0.0
-0.0
-0.0
-6.3761271016e-06
-7.89428594993e-05
3.53799026409e-05
-0.000460677764991
0.0076542966259
0.00121440985245
-0.00178702858429
-0.00823110750605
0.0015791357758
-0.00238780960114
0.00183842800991
0.00625384649414
0.00659926578404
0.000804330722778
-0.00201680585155
0.0067886624919
0.00211253927425
-0.00917920610127
0.00556120721195
-0.011406710273
-0.000929387259006
-0.00418862850603
0.00498950881895
0.00662727901845
9.64852114176e-06
3.52823550665e-07
-0.0
-0.0
0.00011308094607
-0.0015930678894
-0.0143999065813
0.0121080784176
0.00521022029999
7.79343048634e-05
-0.000573983336076
0.00669044212481
0.00543911821933
-0.00460488686927
0.000367973589476
-0.0056883976685
-0.000650643440635
0.00482253741734
-0.00156289902975
0.00270288889854
-0.00624873670785
0.00206105947071
-0.00299184623634
0.00882515734489
-0.0106349140903
-0.00131183853058
0.0024450549819
-0.0091324756925
1.75339485742e-05
9.3481416018e-06
-4.37653602719e-07
-7.70042057007e-06
0.00209017002139
6.14443082435e-05
-0.00573039441188
-0.00826316614024
-0.016062553311
0.00394150031576
0.00767772671555
-0.0123033544177
-0.000645761859139
0.00334475298213
0.00615732637782
-0.000580545057155
0.00167828198088
-0.00627222124747
0.00296607417841
-0.0116551576694
-0.00148038281062
-0.00257617732807
-0.00468773585714
-0.00433248008408
-0.00435357140828
-0.0044910888757
-0.0112011950889
-0.00346928041132
-0.000164530253389
5.84912867733e-06
-1.77854971936e-06
-2.64719557625e-05
0.00113802216007
-0.00340764252588
-0.0088351638639
0.0222929790612
-0.0118610303008
0.00858516857462
-0.00590826707134
-0.00118660293904
0.00915985651977
0.00170046841874
-5.70606922959e-05
-0.00612001224977
-0.000519293543357
0.00421862009407
-0.0050174817319
0.0129071665264
-0.00169652397867
0.00472141970182
0.00760918565277
0.00857586254898
0.0122374476671
-0.0176538509014
-0.0165252154201
-0.00527318243384
-0.00411142566566
5.3131902495e-06
-2.88665129691e-07
-5.36898030717e-06
-0.00174300393987
0.000220102576407
-0.00527790984963
0.00667968623235
-0.000152702649283
0.00264201164868
0.00755138007942
0.00052899813661
-0.00456644942538
-0.006859316418
0.00167774761114
0.00940637181837
0.00362590579739
-0.00115796068772
-0.00226830007344
-0.0023258818591
0.00706348182992
-0.00197616393442
-0.00221098585458
-0.0121157994034
0.00274827260806
0.0193563400999
-0.00718031561252
-0.014652519228
1.90360551929e-05
5.01574694746e-07
-0.0
1.00590591932e-05
-0.0014386500004
-0.0079236537038
-0.00372513590097
-0.000187038692875
-0.0108745988745
-0.00278569189578
0.00235506382487
0.0108874136181
0.00310033570715
-0.00510284037611
0.0029385071963
-0.0103773463499
-0.000212308797193
-0.00479285611443
0.00330170870145
-0.000789363994744
-0.00441375284048
0.00739695672659
-0.000257556699341
0.00641121129811
-0.0091848131918
-0.00941049315828
0.01448185002
-0.00710807073516
3.83152598229e-06
-0.0
-0.0
-6.83047958766e-05
-0.00106511295523
-0.0196277133886
0.00233682057962
0.0137273678537
-0.00578647077319
-0.000120658925541
-0.0179782659112
-0.0145929532184
-0.00316522043785
-0.00237027140319
0.00376981697061
-0.00971379168273
-0.006729408271
0.00245425645847
0.00172555991923
0.000255334785775
-0.00986859456724
-0.00160883962022
0.00301918868179
-0.000189991563998
-0.00829410118289
-0.00260447681279
0.0113224187007
0.0194126093355
-0.00668717530926
-0.000874514628811
-0.0
-0.00074079236211
-0.00142894084771
-0.0185988205179
-0.00173868793835
-0.00614562047208
-0.0172622769151
-0.00975601594982
-0.00537637740658
0.00607270897979
-0.0117221021424
4.08552391849e-05
-0.00567296948248
-0.0014940859646
0.00796231387618
-0.0112958273821
-0.00610335184454
0.00229053531767
0.00369760992708
-0.0121703222317
-0.000108411230823
0.0166953953865
-0.00260802729383
-0.012205304025
-0.00674993230202
0.0177954423625
0.0126085843156
-0.00299833587014
-0.0
-0.00147211315491
-0.00145625665635
0.0167224164952
-0.0142353522052
-0.00511436994619
-0.0048569602869
0.000663089689848
-0.00467819878271
-0.0155720708294
0.00728138386907
-0.00743713640763
-0.00243596849071
-0.00252446132648
-0.00492300918852
0.00159014346031
-0.0029945738527
-0.00100509221444
0.000369139902134
0.00275643273335
0.0118246189778
-0.0306579453308
0.0101712268406
0.0114819633388
0.00446504787024
0.00356501773091
0.011559604704
-0.0
-0.0
-0.000704346715196
-0.00147136244086
0.0189749566664
-0.00778575752527
-0.00067574284752
-0.0119373567537
0.0118190802729
-0.0039110076376
-0.00284848014697
-0.0102029553799
0.0050098457728
0.00497630982383
-0.00670139428569
-0.00445083680856
0.00725478132083
-0.00494440510593
0.00267468631326
0.000668438684084
0.000761384107448
-0.0166242870754
0.00660981520645
-0.0110452153066
-0.00793502240717
0.00999780238865
-0.0150583462365
0.00116062426645
-0.0
-0.0
-3.4926283397e-05
-0.00107107269081
0.00591619794152
0.00960998338063
-0.00145279856541
0.0195697011397
0.00148816979195
0.00673290608876
0.0142207904094
0.000816053143492
0.0014290476536
-0.00317027950459
-6.78912294295e-05
0.00352666894929
-0.00288354414512
-0.00178696913943
-0.00267836860041
-0.0018364259452
-0.00203956399313
0.00635282322088
-0.00427540043712
-0.000272112517524
-0.0178353237952
-0.0152453956514
0.0122084911203
0.00334451596712
5.74366526459e-08
-0.0
-0.0
-6.04732280918e-05
0.016053628104
0.00544542407634
0.0147434289813
-0.00858927403334
-0.00725626275479
0.00305726445279
-0.00499483986487
0.00100786626113
0.000471796065618
0.00660433851991
-0.00421371721467
0.00330175845508
0.00391995430484
-0.0114986583214
0.0115686419033
-0.00937285944604
0.00689135657956
-0.00215032923432
0.00327765885864
-0.00289123005578
0.00604051142936
0.0223062738237
0.00909735788945
0.00598823583186
1.05300520723e-07
-0.0
-0.0
8.75140615138e-06
-0.000205690805075
-0.0177266081602
0.00104164817521
0.00381126964246
0.00548884582274
-0.00398770069104
0.0112418200142
-0.00131324284358
0.00393755569295
0.00240570421982
0.000311936969607
-0.00311006649629
0.00475131435874
0.0010802454321
0.000756815588782
0.00137797886169
-0.0107937784389
0.00270034842668
-0.000460740909377
0.0020747051524
-0.00349176050529
-0.011482849637
0.00393774387664
0.00597880887077
-1.06467382141e-06
-0.0
-0.0
-0.000751641852393
-0.0185757472239
0.0144071843905
-0.00913647260509
0.00531339221621
0.0104071083469
-0.00824951275497
-0.00304834325134
0.00446880424896
-0.00175011025477
0.00300325551402
0.00401441621834
0.00210483439592
0.00201855639403
0.00156960037323
-0.0036963887339
0.00684891970527
0.00604421082442
0.000716913235875
-0.00722842108392
0.0112049558604
-0.00456150746546
0.0190813949036
0.00313072267212
0.00089616291585
-2.27701729057e-06
-0.0
-0.0
0.000545184477084
-0.00338882790896
0.00179224470647
0.0141952944555
-0.00504759099831
0.0112362054841
-0.00202774067444
-0.0058828280378
0.00104095254116
0.00433640970435
0.00182333982637
-0.00419627264621
0.00223339759042
-0.000639991521264
-0.00680058032338
0.00755901519084
-0.00979488072404
-0.00735140500736
0.00359320880925
0.00435566654697
0.00819144478795
-0.00677454863092
-0.00878141116747
0.00903212331648
0.00202888938971
-1.30283101153e-06
-0.0
-0.0
0.00444451679409
-0.0090440971128
0.00479221870455
-0.0126556913653
-0.00151723690968
-0.00559785992592
0.0140257991888
0.00922919312122
-0.00566387678333
0.0119573979435
-0.00646146284145
0.00846234239312
0.00436244334592
-0.00806374592169
0.0107538157443
-0.00998315738314
0.00942122093686
0.00369194160891
0.00295796366589
-0.000705674067624
-0.00796200173467
0.00942971895873
-0.00899349369772
0.000250812798028
0.0139546501411
-0.0
-0.0
-0.0
0.00316671365754
0.00127832881309
0.00164158577833
-0.00256736804101
0.00940281438415
-0.00167088504373
-0.0188166962386
0.000932090589157
0.000644576800673
0.00531606662318
0.00295317105915
-0.00462377403036
0.00249458076243
-0.00512086302433
-0.00444865317334
0.0102091744403
-0.0150027861973
0.00916538035581
-0.0068385410646
0.00592652983404
0.0071792845281
-0.00106603590263
0.000402594262625
-0.00219344228146
-0.00355455565122
-0.0
-0.0
-0.0
-0.00404369073501
-0.00917314276731
0.00866336235339
-0.00336887335944
-0.00491356185
0.0224695388726
-0.00304815576975
0.0115723667472
-0.00194011730616
-0.00198792523345
0.000232739418599
0.00333427439576
-0.00197353947902
0.00139745141535
0.00118172970516
-0.00295690565083
0.0130038393449
-0.00812468788426
0.002266581333
0.000888074745594
0.0105966213536
-0.0036788766193
-8.50345808337e-05
-0.000704868923437
-0.0024891400015
-0.0
-0.0
-0.0
-0.00400452358029
-0.00687607056208
8.67812976836e-05
0.000249014920215
0.00468015664349
-0.00167300193554
-0.00932908048854
-0.00385780923717
0.000886792543018
-0.00839337849406
0.0094535285379
-0.0123045923763
0.00756363681419
-0.00413602551927
-0.00117076884797
0.00385670086601
-0.0107277486551
-0.00262161539735
0.0167236080893
-0.0219187277235
0.00712799412457
0.00540234245733
0.00698633483822
0.00151874596419
0.000889952770548
-0.0
-0.0
-0.0
-0.0
-0.00132073072448
-0.00116127899894
-0.000689816984956
0.00124690648444
-0.00441122251773
0.0154843350292
-0.0102199995068
0.00986071844959
-0.00505854893953
-0.00403643508545
0.00730434586735
-0.00495352403445
0.0126091670259
-0.0152078498678
0.00823018478492
-0.0033971018612
0.00418264057963
-0.000902517906004
0.0151290731947
-0.000407062287911
-0.00216957686987
0.00861476083676
0.00189083089626
-0.0
-0.0
-0.0
-0.0
-0.0
8.84752009419e-07
-0.00126015357022
-0.0164893430148
-0.0217293650746
-0.0153808175226
-0.00965909397556
-0.0107858236088
-0.0115201643757
-0.00968513879834
-0.00742979870353
-0.01282865553
-0.013627045577
-0.0146051712893
-0.00632285428348
0.00167493251962
0.0172696951455
0.00609384924579
-0.0147531734664
-0.0101169180102
-0.0042970166532
-0.00579392827139
-0.00127032831657
-0.0
-0.0
-0.0
-0.0
-0.0
-0.0
5.49167216815e-07
6.59827423239e-06
2.77687371622e-05
7.66904532697e-05
-0.000386916087654
-0.00264965042045
-0.00833580507914
-0.00819035128204
-0.00330740048209
-0.0040091276108
-0.00268337540325
-0.00107308763844
0.000307164575527
0.000259626595752
-0.000265396291617
-0.0125891735348
-0.00992109234975
-0.000219426531438
3.71586376116e-05
1.3577507396e-05
5.8410609636e-06
-0.0
-0.0
-0.0
-0.0
-0.0
-0.0
-0.0
-0.0
-0.0
4.25969548354e-06
9.17199459328e-06
1.91918003744e-05
1.17269357183e-05
-2.00755286035e-05
-2.81958423611e-06
3.79837199418e-05
-0.00130395455049
-0.00311432615075
-0.00146077836491
4.79027888298e-05
4.14407376326e-05
3.0168766538e-05
2.18511326213e-05
1.43238481913e-05
5.91510161576e-06
5.70425642528e-06
3.85546357148e-06
-0.0
-0.0
-0.0
-0.0
-0.0
-3.77479878568
