-0.0
-0.0
-0.0
-0.0
-0.0
-0.0
-0.0
-0.0
-0.0
-0.0
-0.0
-0.0
-0.0
-0.0
-0.0
-0.0
-0.0
-0.0
-0.0
-0.0
-0.0
-0.0
-0.0
-0.0
-0.0
-0.0
-0.0
-0.0
-0.0
-0.0
-0.0
-0.0
-0.0
-0.0
-0.0
2.79206607983e-06
9.70175785255e-06
1.33692310224e-05
1.15953333197e-05
2.04192529938e-05
1.29996265498e-05
1.21090057352e-05
7.20474760032e-06
8.88850765773e-06
2.83876786638e-05
2.34090780248e-05
1.73787905787e-05
-3.57768480121e-05
-0.000123680725355
-2.67356399468e-05
1.71275983573e-06
-0.0
-0.0
-0.0
-0.0
-0.0
-0.0
-0.0
-0.0
-0.0
1.2679545192e-06
4.12905406448e-07
1.30623843025e-06
3.87619756789e-06
2.16487030939e-05
4.01261016804e-05
8.25813181415e-05
7.30632452213e-05
6.44057025004e-05
6.64401956934e-06
-0.000658577357396
-0.00347282866884
-0.0133089605768
-0.00658297938257
0.00042545053381
9.77104810976e-05
-4.48652738742e-05
1.29263598245e-05
8.93065253281e-06
5.55313800365e-06
2.68018686997e-06
-0.0
-0.0
-0.0
-0.0
-0.0
-0.0
-0.0
4.02517190679e-07
3.48889037525e-06
1.17268511921e-05
-0.00311121657444
-0.00963591959615
-0.0147252580964
-0.00246700701662
0.00364748132547
-3.07490722514e-05
-0.00250500372566
0.0112941573843
0.00706394956364
0.0122521349472
-0.00352641887314
-0.00891969415428
0.00512780116146
0.00866205331785
-0.000270118039442
-0.00403481793325
-7.87261752551e-05
8.89577033732e-06
-0.0
-0.0
-0.0
-0.0
-0.0
-0.0
2.29787763362e-07
-2.14468028074e-06
-0.0102788163812
0.00307301997876
-0.0070461893269
0.0217375065029
-0.0212397909991
0.0122168486727
-0.0123236878517
0.00577658423637
0.000718480503727
-0.000407411762495
-0.00189972945637
0.00313482559789
-0.0061123962717
0.00345326280758
-0.00119478191527
0.00338760649963
0.001736302305
-0.0151160661298
-0.00623613485377
7.76328054116e-05
7.48649349656e-06
-0.0
-0.0
-0.0
-0.0
3.46357747497e-07
0.00161494590169
-0.0100983926028
0.0126007394521
-0.00267829353898
-0.00416907019025
0.00717803089543
0.000676477104918
-0.00333121886255
0.0102516923506
-0.00213512790678
0.00461560673275
-0.00877694394656
0.00528027292558
0.00470375192499
-0.000194863021309
-0.00253006163508
-0.00790872559733
-0.00489448225867
-0.00514263878646
-0.00522752772022
0.0195375240999
-0.00566607745655
7.95067828213e-05
1.31205150226e-05
4.0506507189e-07
-0.0
-0.0
-0.00031458103034
-0.00414744844255
-0.00205764762321
-0.00256344970042
0.0120072311553
0.00121890228645
-0.00931399372446
-0.00192284944498
0.00917637762469
-0.00418564046492
-0.00620050270241
0.025047869102
-0.0120938000969
0.00233575922998
-0.00303531525928
-0.00246920773519
0.0018754296422
-0.00151575157987
0.0123808176505
-0.0146267110093
-0.00121679648817
-0.00795930113144
-0.0113799495717
0.000227863307969
4.27142917138e-05
1.38016223466e-05
4.73382410761e-07
-0.000942953056953
-0.00990263085008
0.0116997805968
0.00786650769003
-0.0169502099434
-0.0103849800743
0.00989000107028
0.00856226396755
0.000554606473068
-0.00202831974529
-0.00705328867993
0.0105294623217
-0.0202067017235
0.016376654223
-0.00392471567869
-0.00250210078296
0.0039230805332
0.00858307556992
-0.00804928408327
0.00155507994934
0.00142523726969
-0.00103646389741
-0.00468454561209
-0.00704375729437
0.000342727685778
8.80853112814e-05
9.77095016001e-06
1.92374557469e-06
-0.00311224668024
-0.00748229495708
-0.00137018227811
0.0184900834137
-0.00243288644635
0.0170571120715
-0.00509329082261
-0.0101740867715
-0.00644018326128
0.00039969028716
0.00848468365473
-0.00640621536313
0.016980924714
-0.013803498305
0.00421411030756
0.00541089986145
0.00294399215902
-0.00519563877493
0.00446131500474
-0.00185357114929
-0.0146074243592
-0.00538143568962
0.00403602674065
-0.0207796308176
0.000230723954008
6.75099123149e-05
9.12775924327e-06
3.1223092802e-07
-0.0014172090847
-0.00330838539265
0.0169660467713
-0.00423144249888
0.0141285506302
-0.00967181049048
-0.012997054907
0.0104656495564
0.00267691401504
-0.00646871266774
-0.0117710492296
0.00535750663597
-0.00935257475302
0.00867124585395
0.00382092484309
-0.00200936000883
-0.00502717940838
0.00840429854645
-0.00824958761018
0.0151537804999
0.0177073084132
0.00587959426565
-0.00912835826139
-0.0319885915279
-0.00184292837122
2.8175474469e-05
2.03410897301e-06
-0.0
-0.000306660472818
-0.000924325197575
0.0104718282707
-0.00178450945867
-0.00628846716518
0.00933981733625
0.0280269936442
-0.0228638353819
0.00401646019441
-0.0133878870094
0.000209713183538
-0.0129937665515
0.0101555944748
-0.00803590148165
0.00170077251706
0.00226104895005
0.0110209659949
-0.00120302534233
0.0124125238918
-0.0136610510624
0.000855732137089
0.00194056995176
0.011254796692
-0.0217884934611
-0.00295005288758
7.18018511516e-06
-0.0
-0.0
-0.000129085068273
-2.85770644344e-05
0.000574113778559
-0.00258966442859
-0.0156061681913
0.0073536757839
-0.00651435021233
-0.00565733264849
0.00313168605241
-0.00599272868176
0.0125220000838
-0.00398440400612
-0.0186067159263
0.0185469050255
-0.0009408635729
0.00727857567185
-0.00624551331694
-0.0045345972574
0.000638056015144
-0.000639611007795
-0.00889674719826
0.00951010100499
0.0146217742555
-0.00489434560996
-0.00226737107433
6.97940700404e-06
7.27243881436e-07
-0.0
4.58522808342e-06
1.89006688136e-05
9.47138977152e-05
0.000310743170684
0.00593657070466
-0.0461009869647
0.00150401478576
-0.000436387510031
0.00276858169987
-0.0178098628291
-0.00500547665743
0.0175612445503
0.00474190571269
0.00584033872435
-0.00394232303951
-0.00757800765558
0.0136839439346
-0.000328622850198
0.000689595969003
-0.00926963178085
0.00176232716097
-0.0254733305379
-0.0329455252328
-0.00104746814175
5.99397126754e-05
1.03639806247e-05
2.49340756358e-06
-0.0
4.73534068848e-06
1.72178922961e-05
7.56205030738e-05
0.000298321370067
0.00187962484645
0.000383508823546
0.0134300895951
-0.0124495967837
0.00455032804581
0.00673750570969
-0.00283601819816
0.00239935127315
-0.00690218348142
0.00744870605681
0.00438631307509
0.00613407518538
0.00228896596204
0.00445681888452
-0.00853863126024
0.0108090748106
-0.00411850755993
-0.00541685260654
0.00606869788312
-0.00447668954605
8.15160839809e-05
3.05211748215e-06
-0.0
-0.0
2.10425413768e-06
5.3467288245e-06
5.6666179556e-05
-0.0039769379067
-0.0301770881037
0.0368072548617
-0.0110676788965
0.0105358422028
0.00526643210544
-0.00928271588346
0.00464974619677
-0.00647076772989
0.00895097448757
-0.00370113359352
0.00667312297706
-0.0144668671656
-0.00505719570868
0.0137069861813
-0.0189638743411
0.0245588674196
-0.0141601516618
-0.01544631828
0.00495706663375
-0.00863653315077
5.25709183584e-05
1.91315775232e-06
-0.0
-0.0
1.0434318334e-07
3.19985767437e-06
-0.0024613803649
-0.0134001305733
-0.0100834615786
-0.0202591772498
0.00469178999551
-0.00949346574499
-0.000870402102281
-0.00476095522386
0.00929700646994
-0.000880541967153
-0.000619642697978
-0.00722440085643
-0.000254114414819
0.0155585664717
0.00287676541649
-0.0180652045542
0.00840217669721
-0.0154978870488
0.00563022794905
0.0339338399779
-0.00233182019968
0.0132093535512
5.27758250378e-05
0.0090126548467
1.46743941603e-07
-0.0
-0.0
0.00204684126563
-0.00500222374548
0.0159428275938
0.00170451452496
-0.00404551020142
-0.0168421586689
-0.00543449944857
-0.00668709362126
-0.00762239487247
1.72084623506e-06
0.00798532763549
-0.00442597217028
0.0139221905322
-0.00463715565707
-0.0139965094454
-0.010487367847
0.00697884511111
0.00625134836078
0.00148403222518
-0.00283240377432
-0.00789166019389
0.008566554225
0.00245109721573
-0.000752816474359
1.07018872242e-05
2.69030567551e-07
-0.0
-0.0
0.00366184192211
0.00320907353979
0.00503865986431
0.00995326991172
-0.00709522194335
0.00681988336511
0.00382569988237
0.00968131857429
-0.00085385352224
-0.0216110705806
-0.00893019886937
0.0161486552735
-0.0205444979945
0.0105031041964
0.0112957863887
0.00752335958784
0.00427441997969
0.00252906888389
-0.00354475837973
0.00384273767904
0.00698629375281
-0.0103741018114
-0.00514054003799
-0.000678952865125
2.14325237064e-05
-1.67184359193e-07
-0.0
-0.0
-0.00325487714749
0.00914780973456
0.00963838049583
0.000266147900506
-0.0116501253742
-0.00109891172179
-0.0110012915583
-0.00410280367788
-0.00850211730006
0.016089851883
-0.0167629299608
-0.021998653087
-0.0107505517597
-0.0106025364576
-0.00338888322516
-0.00171609070932
0.00393355806274
0.0113245904506
-0.0110076789209
0.0151656721246
0.00775639932323
-0.0090380123219
0.0158780027199
-0.0105336526085
8.55652052138e-06
-3.30828046794e-05
-0.0
-0.0
-0.0229059037764
-0.00155422688059
0.00280445283473
0.0122239298981
-0.00921031564039
0.00201158677145
0.0115964571118
-0.0112153597927
0.00665133628347
-0.00823800498481
0.00665172669496
0.0180606679999
-0.00150922774292
0.000827551996751
-0.00380749779306
0.00500130688053
-0.00727925880896
-0.00372326900647
0.00441772881947
-0.00901993092178
-0.011250868114
-0.00135981156312
0.0053050435376
-0.00885863782909
-8.36647803185e-07
-1.36003187891e-05
-0.0
-0.0
0.00530219410381
0.0187945924495
-0.027275974174
0.0201938259973
0.00152057131666
0.00647106010948
0.00735736864275
0.0026963630177
-0.012477007036
0.0034127449764
-0.00701440554547
-0.000833748877856
0.000171016138482
0.00713865758519
0.0036113630801
-0.00209979162067
0.00185807613928
-0.00804746028277
0.01070687369
-0.00233088834745
0.00674455582417
-0.00300040058404
0.00776377096379
-0.00387290258284
-1.32381655522e-05
-0.0
-0.0
-0.0
0.00410992195288
-0.000683140493007
0.0243022012463
-0.00818241848051
0.00528725445138
-0.000240766290845
-0.00710660133484
0.00192859396535
-0.00269265034362
0.00400350236579
-0.00494527764932
0.00332322896545
0.00141240065307
-0.0113159210083
-0.00109964020688
0.000859483998162
0.0137928316256
8.12858200894e-06
-0.0104533392466
0.00156512911697
-0.00262391230206
-0.00967207635938
-0.00903357320657
-0.00395631599999
-6.04469595898e-06
-0.0
-0.0
-0.0
-1.00962596051e-05
-0.00254704163161
-0.00136931033079
0.00056582685978
0.00378389860225
-0.00698972727659
0.0033402348412
0.000713197767113
-0.00950862519935
0.00582874374401
0.00110184977996
0.000903811976945
-0.00598281134599
0.0207335862938
-0.00821833333732
0.00605655976473
-0.019307516268
0.00170812628694
0.0165080930843
0.0160922643267
-0.00763515369247
0.00109087353837
6.15722145062e-05
1.93729375972e-05
2.09061045232e-06
-0.0
-0.0
-0.0
-1.97129239845e-06
0.010320266259
0.0236817381717
-0.01370168876
0.00620599309653
0.0055904648063
0.00146182414955
-0.00236812197201
0.00793838587799
0.0051888188358
-0.011431340852
0.00241866338385
0.000235680335035
-0.00327710739804
0.00534293008596
-0.000561291990283
0.000697878258409
0.0156113856537
-0.00892508552796
-0.0180954967157
-0.0255334803868
-0.00306862840326
1.74620878118e-05
1.74821081153e-06
2.17370386801e-06
-0.0
-0.0
-0.0
-0.0
0.0277918721813
0.0300398801399
-0.00933724800884
-0.00241900361993
0.00650398372731
0.0135915937442
-0.0078380301465
-0.00158121122577
0.000135489464437
0.00114363255853
0.00686764882921
-0.00816647321834
-0.00316980621043
0.00780392664835
-0.00535215415809
-0.000399564258719
0.00177032515799
-0.00777566929258
0.000294191610417
0.014200867962
0.00309652874851
9.49353487036e-06
5.70412022959e-07
-0.0
-0.0
-0.0
-0.0
-0.0
-4.8751658557e-07
1.10373711774e-05
-0.00820261572074
0.00708563431689
0.00471464084148
-0.00149048421478
0.00803716983205
0.0125223628183
-0.00659347394885
0.00277721597758
0.0174903492238
-0.00969958528502
0.0220841171919
-0.0102970509802
-0.0232037757812
0.0101482429762
0.00209249918864
-0.0103182274575
0.00790871054977
0.00982107076783
9.02365712088e-06
3.57661257001e-06
-0.0
-0.0
-0.0
-0.0
-0.0
-0.0
3.49881965399e-07
4.25812264378e-06
1.59171512741e-05
-0.000152981844214
-0.00367131346991
-0.0169744638132
-0.0107267371875
0.0043362900652
-0.00785893466007
0.00268779529995
-0.010224241394
-0.00927633468191
-0.00804619741933
-0.0167334527958
-0.000843396644656
0.00292361510661
0.00472511463886
0.00733412495466
-0.00379502037862
-0.00499739828217
-0.00373421292102
-0.0
-0.0
-0.0
-0.0
-0.0
-0.0
-0.0
-0.0
-0.0
3.75820245451e-06
8.63209550583e-06
1.63111241913e-05
2.12754344048e-05
1.6110146752e-05
1.72638059551e-05
2.03693978545e-05
-8.17607925765e-05
-0.000102650012853
-7.0144424906e-05
-5.2569732259e-05
1.09641280553e-06
2.9391938089e-05
4.0556501779e-06
8.38608016334e-06
7.54852919223e-06
6.87950131825e-06
4.73730870143e-06
-0.0
-0.0
-0.0
-0.0
-0.0
-8.84414907082
