-0.0
-0.0
-0.0
-0.0
-0.0
-0.0
-0.0
-0.0
-0.0
-0.0
-0.0
-0.0
-0.0
-0.0
-0.0
-0.0
-0.0
-0.0
-0.0
-0.0
-0.0
-0.0
-0.0
-0.0
-0.0
-0.0
-0.0
-0.0
-0.0
-0.0
-0.0
-0.0
-0.0
-0.0
-0.0
2.84318660974e-06
8.48103269463e-06
1.03395700224e-05
-0.000312271182664
-0.00197050233927
-0.000921731329503
-0.00565239818195
-0.00277099659253
-0.00131811718273
-0.000302485306677
-0.000192039283237
-0.000122572670702
-7.29816565679e-06
-9.65002667387e-06
1.97545945202e-06
3.50676787305e-06
-0.0
-0.0
-0.0
-0.0
-0.0
-0.0
-0.0
-0.0
-0.0
1.30485385811e-06
-3.92022746271e-07
-2.4450366704e-06
5.32350137236e-06
3.32371959975e-05
-5.28652002922e-05
-0.00250024175195
-0.00350428404817
-0.00272398446671
-0.00574172749203
-0.00810546225775
-0.00588177743919
0.000840464001415
-0.00816130391221
-0.00350814905973
-0.00100218351011
-0.000299349529763
-0.00132731415727
-0.000987149627283
6.70255957545e-06
3.32796219167e-06
-0.0
-0.0
-0.0
-0.0
-0.0
-0.0
-0.0
3.32641309063e-07
2.8262548721e-06
3.97565497955e-05
5.31289766415e-05
0.00014751871115
-0.00372487632659
-0.00812320910987
-0.00825695345946
-0.00302206416009
-0.00769006726494
-0.00335395801926
-0.00506457199948
-0.00428161243454
-0.0053020981783
-0.0042893805563
-0.00342394200032
-0.00243996433751
-0.00429008707897
-0.00323274773505
-0.000624988336833
-7.83171357138e-05
-0.0
-0.0
-0.0
-0.0
-0.0
-0.0
2.96351302315e-06
0.000984551140093
-0.000710899497448
-0.00568351972699
0.00127411246421
-0.00131539605072
-0.00078476549206
-0.000271338681172
0.00130385559497
-0.00327387552331
-0.00150680135199
-0.00129901232279
0.00368197768453
-0.00390689195213
0.00135208696989
-0.00581719208689
-0.00208495841146
4.44657505268e-05
0.00172723396246
0.00673009434547
-0.000825061400757
0.00225458144484
-0.000728233977041
-0.0
-0.0
-0.0
-0.0
1.39239783212e-06
-0.000480145767396
0.00113378141917
-0.000452900663049
-0.00589136356979
-0.00247521518541
0.00197145678754
-0.000873422203519
0.00297147802761
-0.00219376001981
0.00176792136926
-0.00164658268007
0.00135501639722
-0.00257659580772
9.46005769488e-05
0.00578722216241
-0.00391824010022
0.00249070775253
0.000864810782081
0.000956168378836
0.00591763944507
-0.00263141427021
-0.00382240191211
-0.000258867086212
9.37028182606e-06
4.66082238458e-07
-0.0
-0.0
-6.47329397572e-06
-0.00128678302522
0.0035449846352
0.00512237259545
0.000376036212347
0.00229312609562
0.00377830587008
-0.00278057347337
-0.00302813172823
-0.00161964888862
-0.000114866475941
-0.0034585759005
0.00233519990702
-0.00521303532452
0.00383371328718
-0.00399258493503
-0.00516016869703
0.000765988067842
0.00290890047202
-0.000149325333652
-0.00150721881143
0.00548206413028
-0.00294738231839
0.00272718574022
-0.00442102936965
2.43406664607e-05
1.5618094801e-06
1.16081001115e-05
2.23418619857e-05
-0.00242823455114
-0.00213678457931
0.00307827466823
0.000985874389005
-0.00607001504739
0.00590055366857
0.00175248061335
-0.00260926226115
0.000122609958459
-0.00138944117709
-0.00334768841618
-0.00163981346281
-0.00170817019012
-0.00772527544446
0.000393306266535
0.00408639398748
-2.27827196687e-05
-0.00392597014538
0.00491186154576
0.00130210686383
0.00158495380866
-0.00115083475182
-0.00118208623128
-0.00727982353274
-0.000217542198451
6.34821354336e-06
1.91271218087e-05
4.62079436883e-05
-0.00480405051665
0.00368769752533
0.000557171332026
-0.000935427725532
-0.00139136934613
-0.00651183777146
0.00119429535039
0.00204340312051
-0.00561119714749
-0.00404301564529
0.000935775598647
-0.00235353205573
-0.00251145043131
0.00245707555207
0.00039214770773
-0.00343690411658
-0.00198268086523
0.00101919241357
-0.00179016595978
-0.0010764077809
-7.55004694803e-05
-0.000390572435219
-0.00226956030161
-0.00580228723089
-0.00418937642725
1.0302665544e-06
1.44702254493e-05
-0.000213125774911
-0.00372454039184
0.0051368302372
-0.00140953647155
0.00216841528005
0.00521582855197
0.00159468427546
-0.00561274545279
0.00621367009265
0.00425704969989
-0.0037730152643
-0.00157202972021
-0.00169765142785
-0.000120661187213
0.000460439454735
-0.00173242835951
-0.00401089076103
0.00522819317714
-0.00254004535874
0.00266222014464
0.000859385611227
-0.00283333324583
-0.0048425276784
0.00815573728249
0.00336672151107
-4.74248302556e-05
-0.0
1.33976017246e-05
-0.00160837139738
-0.0046865073313
0.000186963703982
-0.00730554306756
-0.00353140025574
-0.00278605075676
-0.000264406478692
-0.00402192863918
-0.00141513821463
0.000642665519585
-0.00230135102314
-0.00260322780011
0.000497646916071
0.000850854148496
-0.00293303702068
0.000490968612242
0.00300781601781
-0.00508557354215
-0.00621464112267
-0.0011680548067
-0.00197376694392
0.00143653931331
0.00544872187892
0.000368259230456
-0.000809093578761
-0.0
-0.0
7.55949059637e-05
-0.000166676152679
-0.00528369205854
-0.00240162006348
0.000193295852538
0.0010382592283
0.00456871936487
0.000735998980371
0.00101731977947
-0.00212734798356
0.00271125521851
0.00540648736205
-0.00627712838239
-0.00603155081611
-0.000552610927661
0.000919169973839
0.00178447571636
-0.00175822608763
0.00416220113298
0.00136412263633
0.000889186471588
0.00331477162776
-0.00533577239967
0.00101756849296
-0.00402818772681
-0.00342856368928
3.64729038367e-07
-0.0
0.000658563657189
0.00130867130352
-0.00335484347245
-0.00541744310752
0.00702330519533
-0.0029863123084
-0.00186794968736
0.000876438887012
0.00297429569571
0.00108693382557
-0.00123078694389
0.000518383906636
0.000869822840052
0.00272940813589
0.00104200376361
-0.00107398938139
-0.000459694134317
-0.00170958582234
-0.0012130260782
0.00089727631726
-0.00139671553876
-0.00419694027527
0.000990508490518
-0.000872628741559
-0.00713517235528
-0.00963076071078
1.25228522878e-06
-0.0
0.00129088532743
0.000454682117085
-0.00347381474898
0.00629916465543
-0.00407996872519
-0.00231274687982
0.00158022047402
0.002225042439
0.00164481728275
0.00222746281292
0.00414430955582
0.0081005406272
-0.00387686937277
0.00218263836031
-0.00272547825781
0.00132949404581
0.00377243853579
0.00445898821074
-0.00322898117454
0.00474301121133
0.00444132734438
-0.00590763816179
-0.0028216391473
0.00279007056614
-0.00634704455958
-0.00536652982501
-0.0
-0.0
0.000616978832988
0.00128584999058
0.000220670832642
0.0104069226406
0.00051376998636
0.00519069422855
0.00396741268763
-0.00454570931613
0.0012523639748
0.000252416377562
-0.00144653456969
0.0023376746368
-0.00527363342587
0.00218511562159
-0.00285344473028
0.00329751670615
-0.00186022667907
0.00120997799223
0.00361102123339
-0.00402675240139
0.00318738164137
0.00448086586007
-0.00139951443116
-0.00374050788169
0.00958107104057
-0.00040005273678
-0.0
-0.0
3.05940073269e-05
0.000938215175225
-0.0011392498337
0.00160721873157
-0.00530838783328
0.00356548576848
0.00104195717287
0.00271410470992
0.00571598403803
-0.00243037079697
0.00348796714953
0.00245256768124
0.000412047879663
0.000581099208167
0.00206562831011
0.000540806765321
0.00131500425967
-0.00251536292628
0.000204935372738
-0.000468058836307
-0.00712826976011
0.00310245640993
-0.0065921745678
-0.00392748939518
0.00323529107678
-0.00114410593374
7.41157020165e-07
-0.0
-0.0
-1.66408078682e-05
-0.00133165011864
-0.00847835316223
0.00368574918544
-0.00327949800134
-0.00360548696157
0.00748534474546
-0.00587479696821
0.00268402474187
0.00199366688015
-0.00238225420674
-0.00167908874356
0.000936098143987
0.00578491526661
-0.000756980249982
-0.000983283222494
0.00337806065598
0.000414104333647
0.00399632494908
0.00429635608589
-0.00171311767141
0.00531065356941
0.00155835520162
-0.00928370202851
-0.00197666954497
1.35889009627e-06
-0.0
-0.0
-0.000136470464574
0.00382143076959
0.0006571861137
0.00112501945015
-0.00581390586492
0.00714613143312
2.14950932109e-05
0.00211655951517
-0.00360211271303
-0.0013683237688
0.00223828632821
0.000553208888912
0.00109697392653
-0.00551955085526
0.00684720941886
0.000996917256551
-0.000421008723526
-0.00136280604474
-0.00267619430889
-0.00280765534052
-0.00291024697354
0.00523623879499
-0.00210650853036
-0.00119099724376
-0.00413035959473
5.72039614414e-06
-0.0
-0.0
-0.000820540385102
0.00262013511781
-0.00966158178991
0.00298723701319
0.00125667567599
-0.0048272537779
0.00340611399543
-0.00167629613855
0.00164700039338
-0.00912317253194
0.00843319120897
-0.000355351445576
0.00503442719463
0.00235273072295
-0.0058502764721
0.000306131345678
-0.00431841161484
0.00430849395552
0.00511878167705
-0.00145975732158
-0.00419063625724
-0.00129126856768
-0.00562980727557
0.000187465264731
-0.00100916163073
3.18768152929e-06
-0.0
-0.0
-0.000749441491889
0.000444345459382
-0.00563413963151
-0.00292929673613
0.00566533871009
-0.000958173638752
-0.00869086442259
0.00185493196717
-0.000682636695397
0.00168488475507
-0.00499883408491
0.00154878370731
-0.00179652901408
0.0041482282024
0.00240874067623
-0.00188946683209
0.000323467968223
-0.00319842655179
-0.00350101994006
-0.000910867271871
-0.00660371004544
-0.00338194714238
-0.000786206856776
0.000139288460379
5.27199742081e-06
-3.56290948695e-07
-0.0
-0.0
0.000142572284462
0.000641092338874
0.00169823881353
0.000184719048665
-0.000582649570554
-0.00208883877163
0.00163359992862
0.00124904362036
-0.010139130409
-0.000996096032589
0.00225924945635
0.000771514154179
-0.00351762829733
0.00612072562829
0.000249927128166
0.00100946526678
0.0008213220182
0.000711776642406
-0.00109941617863
0.00153274004843
0.00011236150837
-0.00114186087504
-0.00282199583804
0.000101435389959
2.27511285578e-05
-0.0
-0.0
-0.0
0.000113835327023
0.000633310027207
0.00172397702552
0.00058564866896
-0.00297481890946
-0.00653526371809
-0.00365405932134
-0.000902482525145
0.00479706056065
-0.00393338751342
-0.0027219290664
-0.0015147347343
0.00212414572517
-0.00677001916393
-0.00176145832732
0.000993500950373
-0.00351757749566
-0.00236285909722
0.00416122766255
0.00140997407344
0.00528469540484
-0.00141979792901
-0.0015375410741
7.27567031446e-05
1.76876713278e-05
-0.0
-0.0
-0.0
4.21862498647e-05
0.000318998059008
0.00041413820954
-0.00116189930145
-0.00690905433133
0.000666564489878
0.000977401046715
-0.00185248580275
-0.00497134479848
0.00322540093018
-0.00449870363112
0.000575027542559
-0.00232793544443
0.000371474504865
-0.00199545520677
0.00146319841471
0.00502000091036
0.0027146465517
-0.00322106840736
-0.000529702288619
0.0039765239959
0.00116463063824
0.00218113848236
5.16567057921e-05
7.65927105103e-06
-0.0
-0.0
-0.0
2.88778379501e-06
-2.61409154304e-06
-0.00142415894151
-0.00221450600713
-0.00286250986222
-0.00310347893502
0.00456201762269
0.000982497797334
-0.00425588003941
6.62430722657e-05
-0.00197772810717
0.000872670250814
-0.00432649668256
0.00201615443238
0.00289717301205
-0.00152735819574
0.000327991844213
-0.00105051740667
-0.00127538282436
0.0022608322488
-0.00505005918142
-0.00174824974993
7.35633723496e-05
3.92391865408e-06
2.75714542745e-06
-0.0
-0.0
-0.0
-0.0
-7.38107388849e-05
-0.000551716244759
-0.000713119864955
0.00339916497988
7.74042599693e-05
-0.0026847066209
0.00451764953196
-0.00149656619405
-0.00230235522488
0.00273277511253
-0.00246866170993
0.0025864143105
-0.00488195112954
0.00368391244834
-0.00281623825481
-0.00118812008605
-0.000785430508522
-0.0070098880619
-0.000386533210196
-0.00108614971613
-0.00228170744416
-0.000335620505413
1.97195296494e-07
-0.0
-0.0
-0.0
-0.0
-0.0
8.64666609899e-07
-6.24254817525e-06
-0.00114015596028
-0.00309117235887
-0.00770758894999
-0.00051749107777
-0.00393855789612
-0.00056685977177
-0.00215326828318
-0.00752210557717
-0.00416084572216
0.0037073719964
-0.00180983532748
-0.00543912389625
-0.000866570972278
-0.00148510248977
-0.00731845173962
0.0035821476768
-0.00395516983076
-0.00268555753442
0.00857993857797
0.00196391956917
-0.0
-0.0
-0.0
-0.0
-0.0
-0.0
-7.49364109898e-07
-0.000412330444212
-0.000794140422726
-0.000515236668239
-0.00275948754485
0.00343017335847
-0.00421538253334
-0.00580766504205
-0.00166408273656
-0.000874863978109
-0.00302702068914
-0.00834705598505
-0.00596756038087
-0.00640206753442
-0.0108255744934
-0.000710037775915
8.19621286129e-05
-0.000366615370418
-0.0014986096619
-0.00135147899629
-0.000684592812035
-0.0
-0.0
-0.0
-0.0
-0.0
-0.0
-0.0
-0.0
-0.0
9.35726098639e-07
-3.34664790751e-06
-9.76879292339e-05
-3.52638180724e-05
3.25709691948e-05
4.90720268776e-05
6.53392510457e-05
9.62201926399e-05
0.000119045593511
8.59989788958e-05
-0.00250928407846
-0.000661223322035
4.30023425935e-05
4.63986373772e-06
-4.93392134501e-06
-1.26836543408e-05
-0.000162168420941
-0.000102769543061
-0.0
-0.0
-0.0
-0.0
-0.0
-1.05373076657
