-0.0
-0.0
-0.0
-0.0
-0.0
-0.0
-0.0
-0.0
-0.0
-0.0
-0.0
-0.0
-0.0
-0.0
-0.0
-0.0
-0.0
-0.0
-0.0
-0.0
-0.0
-0.0
-0.0
-0.0
-0.0
-0.0
-0.0
-0.0
-0.0
-0.0
-0.0
-0.0
-0.0
-0.0
-0.0
4.5976274683e-06
1.61886783967e-05
2.25148385649e-05
1.93012992261e-05
1.67346636538e-05
-0.000257614241419
-0.000626250939665
-6.21821313743e-05
1.8945557343e-05
4.89698020401e-05
3.83598027088e-05
2.85409328289e-05
4.69626739085e-06
-9.54898746297e-06
7.10377363146e-08
2.11320268298e-06
-0.0
-0.0
-0.0
-0.0
-0.0
-0.0
-0.0
-0.0
-0.0
1.93247238955e-06
4.89365733426e-07
1.34183997112e-06
7.73501544104e-06
4.08144982505e-05
7.11669550142e-05
0.000113475637856
-0.000344419106647
-0.00770980921046
-0.00950255945841
-0.0108030992108
-0.0106471174347
-0.00796414763872
-0.0110111815389
-0.00684190376167
-8.23632332279e-05
-0.000293115568096
-0.000498510389347
-0.000275580053967
8.60702558666e-06
3.92101250981e-06
-0.0
-0.0
-0.0
-0.0
-0.0
-0.0
-0.0
5.33160593111e-07
1.94484711556e-05
6.23472867716e-05
9.96414784102e-05
-0.00228460581163
-0.00286346183946
-0.00942060624408
-0.00746757179122
0.0222237355263
2.89274698257e-05
0.00548439378406
-0.00949772547765
0.00886561174585
-0.0109136484571
-0.00413754331386
0.0112115108362
-0.0148606436113
0.00544595435441
0.00769281623507
-0.00266618917364
3.94749267013e-05
-0.0
-0.0
-0.0
-0.0
-0.0
-0.0
2.6844097915e-06
1.59587932675e-05
-0.00361375645376
-0.00642587728078
-0.0147200231544
0.00430644321075
0.00576676208701
-0.00370949969039
-0.00189066227627
0.00119929145769
-0.00195933082678
0.00222678947147
0.00320441511315
-0.00690137148982
0.00279020232168
-0.00178869515267
0.0015897636887
-0.000534442293146
-0.0059569232344
0.0110061791936
-0.00817625743467
0.010673143889
0.022516210569
-0.0
-0.0
-0.0
-0.0
2.49671292597e-06
-7.33864686057e-05
-0.00124765149448
-0.00499189170216
-0.00115809857056
-0.0130760481188
0.0122257863476
-0.00460141850012
-0.0065309296591
-0.00407110238014
-0.00182272425823
0.000897095398625
0.00496982462407
-0.00690134848664
0.000760279348978
0.00097844788088
0.00628843154821
-0.00253208657387
0.00472046538951
-0.000994774355954
0.00437375540214
-0.0023874101684
-0.000507106140359
0.00964131660087
-0.00594245476347
5.31133395051e-07
-0.0
-0.0
3.47999223977e-06
-0.000144946502701
-0.00674481867207
-0.00947221686759
-0.000978986205724
-0.00526616757106
0.00476876157689
0.00622458558036
-0.000725879384414
-0.00177915666711
0.00835089900816
-0.0104467499786
0.00397716462726
0.00213732230852
0.000114632730597
-0.00546409944758
0.000253110840378
0.00355461944475
-0.000869642904323
0.00331432646956
-0.00365810937767
0.00060770402292
0.0133509039346
0.0012410701682
0.00958635702197
-7.04078862436e-05
1.1655811982e-06
-0.00214601547641
2.43248357914e-05
-6.36180105135e-05
-0.0118086028053
0.000800920311303
0.007742083819
-0.0143371509921
0.00223827250006
-0.00579847844433
0.00304278326277
-0.00302874396239
0.00481110171595
-0.00480015345517
0.00477835823258
-0.00255523249643
0.000800194405972
-0.00133452113107
-0.00310097332563
-0.00151766319298
0.00341492929609
-0.00241155692153
-0.00140876416222
0.0136790197851
-0.00415531553974
0.00502730077477
-0.00579899906105
-4.04115828583e-05
4.73636840054e-06
1.89331448308e-05
5.23821516448e-05
-4.4887664189e-05
-0.0112030700364
-0.00499569289554
0.00350506159179
-0.00604951928741
0.00268409212448
0.00397513434934
-0.00034119457233
0.00231542348389
0.00383886040485
0.00352787711638
-0.00555968124336
0.00218493149084
-0.00341079939492
0.00257744409339
2.728067267e-05
0.00203610082941
0.00191740394426
0.0079935186886
0.00263650147488
-0.00134865398339
0.00921184902777
0.0191546883228
-0.00571702804354
-1.72798928342e-05
7.68739138744e-07
1.54516927507e-05
6.31934517311e-05
0.000186564825371
0.00152244484023
0.0090762701647
0.00503726546268
-0.00403316653482
0.00168144419188
0.00438923190099
-0.0138453645929
0.00518145481444
-0.00241895324957
-0.00366691508822
-0.00122370582819
0.00110418853643
-0.00486691431014
0.000909504005295
0.00563967582271
-0.00939614324768
-0.00075392004994
0.00309777878703
-0.00301548294318
0.00256293584228
0.00273404872745
-0.00207910420185
0.0173728345976
-2.04928581195e-06
-0.0
-6.68483302105e-06
4.381153775e-05
0.000241580733881
-0.00215751049649
-0.0175796089038
-0.00455030354653
0.00519868940984
-0.00432245561089
-0.00280662362559
0.0166614374308
-0.00614914318573
0.00318959340682
0.00844454775513
0.000411338276269
-0.000687240953923
-0.00316100202143
-0.00727719701835
-0.00185642322574
0.00781583114567
-0.00710064186384
-0.00245630874849
0.0246428831588
0.00273715238355
0.0122020518167
0.0400709862873
0.00802765651029
-0.0
-0.0
7.74819031963e-06
7.35855009736e-05
0.000209296289172
-0.00370513708442
-0.000952485293195
-0.00105312880431
-0.00689622184314
0.0142553050756
-0.00162720083924
-0.000915861828168
0.00518359905846
-0.00436765400632
0.00152018810705
-0.000291370029661
-0.00687629499706
0.0094919088274
-0.00779942058596
-0.00347128636936
-0.0113970476641
-0.0218894810844
-0.0161667637353
-0.0359931454624
-0.00606829358683
5.23396286873e-05
0.021527406551
0.00315901145552
8.55858270066e-07
-0.0
1.2110908457e-05
-0.00128955246779
-0.00298944883604
0.00076383559739
0.00585330214358
0.00488560825919
0.00450683284661
-0.00771811643004
0.00322880009634
-0.00418455942763
0.0107673975278
-0.0029521667835
-0.000623918595157
0.00386475668962
-0.00473468154061
0.0023147478607
-0.00608740495829
0.00559277997064
0.000672338011476
0.00569919342928
0.00390265257839
-0.00968626121207
-0.0136200428819
-0.0123029965821
0.010217532637
-0.000148866407682
2.9345056323e-06
-0.0
1.12468753509e-05
-0.00279946157649
-0.00390343183175
0.00143488227564
0.00796325311708
-0.000418378588331
0.00698568564457
0.000624743639192
0.000477628689432
-0.0081100397263
0.00417615137708
-0.00524136611754
0.00434148495633
-0.00279489807772
-0.00257766354805
-0.00327856270738
-0.00118702363703
-0.00459055632017
-0.00523021171224
0.00119437146809
0.00600147752023
-0.0111377294513
-0.0257340468014
-0.0139195811002
-0.00383861431197
-1.3364194011e-05
-0.0
-0.0
4.90837891293e-06
-0.000240214519168
-0.00104760919962
-0.000294944971845
-0.0187186902353
-0.00828710129561
0.00108881857937
-0.00658214909137
0.0125206918051
0.00246639212638
-0.00247427892149
0.0124797834757
-0.00404623442672
-0.00150740277113
-1.46105472374e-05
-0.00133189645722
0.00264397858094
-0.000273571942871
0.0058783551097
-0.00363943880479
-0.00428531686067
0.0103267011699
-0.000441864775917
0.000672579333677
-0.00727281500881
-0.000249838657699
-0.0
-0.0
2.43390248328e-07
7.46396236097e-06
-0.000585222069202
0.000566413984543
-0.00671175730537
0.00662970364412
-0.00212282239745
0.00248661004064
-0.0143063388788
0.0116617472445
-0.0122523979505
-0.000320427933453
-0.00252392464212
-0.0045830182138
0.00199522421913
-0.00502961249183
-0.00417027920172
-0.00020880792918
0.00319592536888
0.00332037180425
0.00710000223885
-0.0080634931059
0.0137736947292
0.0136958118956
-0.00296296984849
-0.000711332600041
1.9343825659e-07
-0.0
-0.0
9.46785053162e-06
-0.000149768872555
0.00858526163764
0.000699695552878
-0.0124921684595
-0.0168849593636
-0.0123008213316
0.0105529423021
0.00165817335158
-0.00116258977267
0.000814234381606
0.0045931049086
-0.00566321737883
0.00592051119697
-0.00308604441111
0.00240957629802
-0.00326736560241
-0.00693395932271
0.00199648578607
-0.00467182033342
-0.00168965543668
-0.0156841047319
0.00620865087417
0.00138546057981
-0.00128929898582
3.5463619309e-07
-0.0
-0.0
2.04741238853e-05
0.000147429895086
-0.00164916264097
-0.00216460800133
0.00916084773799
0.00474761866679
0.00745748074558
-0.0126412873402
-0.0041480685804
0.00538460797316
-0.00651964037936
-0.00236707430017
-0.0104283558776
-0.00542931890316
0.000842404127624
0.00207726189985
0.0032939490371
0.0046703393769
-0.00524926670123
0.0108221196512
-0.00527685796137
0.0106519373707
0.0129920123268
0.00104563304061
-0.00127688530489
1.86473011016e-06
-0.0
-0.0
0.00289997105698
-0.0120046429588
-0.0141662519408
0.0162048229029
0.000720233662235
0.00416506608153
0.00071956785335
-0.00944302665862
-0.00389230274166
-0.002078528327
-0.00757138130403
-6.21306748911e-06
0.0016781109785
0.00710395590546
-0.00317924924238
0.00451315638989
-0.00343100054342
-0.00091175255867
-0.00166013839191
-0.00533106019677
-0.000705818685168
-0.00845370665792
-0.0175382325072
0.00534437275311
-0.000180200786039
5.41685319138e-06
-0.0
-0.0
0.0148728480997
0.00461622612079
0.0124871999857
-0.0199142424748
0.00801918024296
0.00112542740063
-0.00440657090675
0.0041546422819
0.00207631093133
-0.00291300896234
0.00449915183682
0.00735348906649
-0.00395060582682
0.00272803569317
-0.000110429366548
-0.00191878283246
3.23345787869e-05
0.00750022748733
4.70156905363e-05
0.00779558848271
-0.000476299097136
0.00918232188948
0.00434004490175
0.00136659045155
-1.24053211905e-06
2.20047514097e-06
-0.0
-0.0
0.000270998386118
-0.00211556007593
-0.000789909528827
-0.00138292223731
-0.00622859488111
-0.00635757725693
0.00598268822524
-0.000586975473342
-0.000570086611272
0.00197334192122
-0.00757719314336
0.00625799025596
-0.00845020932704
-0.00152385275411
-0.000340729343882
0.00246232159641
0.000489521419564
-0.00569168172422
0.0033807522802
-0.00987491793037
-0.00204060191725
0.0164573492046
-0.00162530918134
-0.000706225073907
-0.000144391166288
-0.0
-0.0
-0.0
-0.00117273424481
-0.00656240071865
-0.00616869029108
0.0142214774568
0.00398038275881
-0.00203672263747
0.00959613122352
0.0031537370784
-0.00606449085934
0.00913341435629
-0.00635868564708
0.0032254392802
0.00137870094704
-0.00140180170824
-0.00483384666841
0.0028026354881
-0.00964849548753
0.00383897948146
0.00537294056948
0.00766116997533
-0.00351640645989
0.00111115032573
-0.00220022175569
-0.00261621133974
-0.000228353560003
-0.0
-0.0
-0.0
2.43342532833e-05
-0.00664302549648
0.00935965179964
-0.0114817574951
-0.00576319039178
0.00878144622487
-0.00907506313422
-0.00403211682541
-0.00223479131201
-0.00176126378789
0.00847324253018
-0.00507081378945
0.00645299401628
-0.00627575151517
0.00638954783375
-0.00581988322042
0.00938560751238
-0.000434409892206
-0.00930796112062
0.00878702090798
0.0105298181277
0.00566092870595
-0.0120279624222
-0.00147985446041
-0.000129249176744
-0.0
-0.0
-0.0
4.84533904103e-06
-0.00106100165302
-0.00314419389829
0.0057715860996
-0.00015700019844
-0.00387079914918
0.00105272199318
-2.06637590812e-05
0.00898530703616
-0.00568658577038
0.00672885691236
-0.00645633905002
0.00084634885182
0.00761957343894
-0.00665885655657
0.00652139521032
-0.00883662173975
-0.00605550793933
0.00533120489505
-0.00103884868835
-0.00357154338534
-0.00405195673334
-0.0011052422711
4.37090889289e-06
1.46563825049e-06
-0.0
-0.0
-0.0
-0.0
2.19974814807e-05
0.00197108661376
0.00676746988154
0.00563152908598
-0.0154610301161
0.00853316920564
-0.00363142178034
-0.00167521528697
-0.000659992091614
0.0050187389541
-0.00492014255506
0.00563195110818
0.00110279510825
-0.00108228118904
-0.00444276075031
0.0119237724894
-0.00358759298344
-0.00282781776649
-0.00391335888382
0.00299101844084
0.000291617305657
-4.03204326218e-06
2.18101709631e-07
-0.0
-0.0
-0.0
-0.0
-0.0
4.69651813643e-07
3.25908132891e-06
0.00428879769014
0.00878701658107
-0.00362876194608
-0.00747443169253
0.00271336793771
0.00531261505184
-0.00768954004783
-0.00385174808287
0.00270095694739
-0.00203718498965
-0.00566091158899
-0.00241782510914
0.00559491835308
-0.0120013789195
-0.00193982551173
-0.00437215913377
-0.00630291409562
-1.16952670133e-05
-3.90661379967e-05
-8.80208014088e-06
-0.0
-0.0
-0.0
-0.0
-0.0
-0.0
1.45496498113e-06
1.66613263272e-05
5.41814960739e-05
0.000181798189908
0.000357997341056
0.000535425453412
-0.00355150113524
-0.00678212910948
-0.00278157417588
0.000550006477435
-0.00247912987623
-0.0147975654038
-0.00368451910009
0.00506872579583
0.00730580037292
-0.00640256571168
0.000168521259817
-0.000783340945391
-0.00614980184239
-0.00197904538291
-2.92081470887e-05
-0.0
-0.0
-0.0
-0.0
-0.0
-0.0
-0.0
-0.0
-0.0
-8.82157083751e-07
6.36822666049e-06
3.25755437187e-05
3.96083163007e-05
3.87359408911e-05
6.73445496191e-05
8.40224630645e-05
0.000143754295899
0.000155770096561
0.000122909860843
4.80310678709e-05
-0.00123187538015
-0.00232480135253
9.16153210873e-06
2.27091786755e-05
-0.000263527259528
-0.00470879461695
-0.002995912734
-0.0
-0.0
-0.0
-0.0
-0.0
0.248417423159
