-0.0
-0.0
-0.0
-0.0
-0.0
-0.0
-0.0
-0.0
-0.0
-0.0
-0.0
-0.0
-0.0
-0.0
-0.0
-0.0
-0.0
-0.0
-0.0
-0.0
-0.0
-0.0
-0.0
-0.0
-0.0
-0.0
-0.0
-0.0
-0.0
-0.0
-0.0
-0.0
-0.0
-0.0
-0.0
5.68499353237e-05
0.000518597527328
0.00102480779417
0.000641433867737
-1.11253832721e-05
6.82533875839e-06
3.2790585869e-05
5.91578427311e-05
-4.98543034619e-05
-0.00286083170044
0.000447637900606
0.00148571361131
0.000440791834148
3.30101689706e-05
8.86314420108e-06
-1.13192277905e-06
-0.0
-0.0
-0.0
-0.0
-0.0
-0.0
-0.0
-0.0
-0.0
-3.51411047726e-06
3.17304848194e-05
0.00014880262527
-0.000739695370826
-0.00145840705692
0.00601571889303
0.000788430915734
0.00190076187741
0.00251098600064
-0.000503994019021
-0.0018896572826
0.0053416803601
-0.0013647149932
0.00211344738802
0.00309632765514
0.00529132640869
0.00177516299876
0.00250741849897
0.00186522152203
-2.27500847509e-05
1.54844965852e-05
-0.0
-0.0
-0.0
-0.0
-0.0
-0.0
-0.0
-9.65708117158e-07
-0.000420334607964
-0.00145845580365
-0.00130103601178
0.00249921782956
0.00122937961624
-0.000511199910472
-8.22511655294e-05
9.14154067109e-05
0.00203635466961
0.000563482022039
-6.97638313973e-05
0.00115072478924
-0.000287000280598
0.00105053781348
0.00214663007009
0.000895776538325
-0.000449847146996
-0.00315452208139
-0.00345027112059
-0.00358797786218
-0.0
-0.0
-0.0
-0.0
-0.0
-0.0
3.48252037312e-06
-3.80656357685e-05
0.000207579015423
-0.00116959590583
0.000174097309012
0.00180101002208
-0.00291091687908
-0.0027449452203
-0.000996377527211
-0.00545796943814
-0.00027626825626
-0.000797338460491
-0.00194983234663
-5.66001649852e-05
-0.000113719464
-0.0020209861937
-0.000461365847491
0.00148594284459
-0.00343187410627
-0.00250094698308
-0.00211664115721
-0.00369698840085
-6.27034115835e-05
-0.0
-0.0
-0.0
-0.0
4.52464481853e-06
3.98511684366e-05
0.00162106250181
0.00106763914524
-0.00217089634498
-0.000966015519687
-0.000328811439505
-0.0013042152413
0.000688888023491
-0.000606580395693
0.00162575834997
-0.0020874698373
-0.00218361977316
0.000597733394123
-0.00281764960131
-0.00128655100016
-0.00157434836785
3.69535084054e-05
0.00164694099721
0.0036259261765
0.00190098152585
-0.00166689330334
-0.00346447598954
0.000629234473249
0.00143607327523
-1.49086090538e-06
-0.0
-0.0
4.8946107363e-06
-6.92494860352e-05
0.00145682252428
-9.19783097733e-05
0.0031257516314
-0.00268281685037
0.000771459929396
0.00216447960198
8.70693791861e-05
-0.000248340039219
-0.00296817795625
0.00269886766956
-0.000944081987333
0.000265803157408
-0.00100579921823
0.00123729072463
0.00161272015117
0.000741383538718
-0.00044912135864
-0.00560322391819
-0.000284818152151
0.00196180879586
-0.00176445615439
0.000967847987624
0.00498064195892
0.00432209509049
2.39169373775e-06
2.14889804665e-05
2.98719817973e-05
-0.000484185042142
-0.000162663213705
-0.000154740154987
0.000282221023216
-0.00468713507346
-0.00400727874678
-0.000670569956432
-0.000397318299581
0.000713545504998
0.00013157318494
-0.00392847739544
-0.00113960031499
-0.000796452721616
-0.00252645855136
-0.000497468657584
0.00049801470894
-0.006339390821
-0.00161660150106
-0.0029916526319
0.00247594203688
0.000334390050906
0.00521551044235
-0.00302185364702
0.00288921513755
0.00313978118118
9.71823559578e-06
2.7677324674e-05
7.70484751605e-05
-0.00092082316224
0.000324570349208
0.0011645555517
0.000813575321006
-0.00172030952708
0.00328885111051
-0.00553221072313
-0.000876334348598
-0.000800680563344
-0.00160836672294
0.00215462660522
0.00243985580575
-0.00215514497597
0.000578399404769
-0.00189863905284
-0.00507362544242
-0.00383524517039
0.000583630903929
-0.00624382499063
-0.000438166220726
-0.00599463734231
-0.0016686031255
-0.00247398594443
0.000948769248382
3.57090116516e-06
1.57724826639e-06
2.51906676928e-05
5.08132731562e-05
-0.00140237484768
0.00119516432207
-0.000205875759776
-0.000827240403362
-0.000240450803379
0.00335853421301
-0.00083626697582
-0.00177015542617
-0.00218747035202
0.001583340231
-0.00276387373843
-0.000605770285406
-0.00252675845313
0.00110919436393
-0.00489697743432
-0.00363047739782
0.00431526849927
0.00308260048994
-0.00357822096231
0.00293474749941
-0.00303183990631
-0.00642337442217
-9.37485113568e-05
-2.11393186856e-05
1.93127192002e-06
-0.0
1.61833708864e-05
3.86566614555e-05
-0.000228634889424
0.00200667739512
-0.00119501554817
-0.00188501968768
-0.000379898025654
-0.00314784793279
0.00230821370223
-0.00151722023323
-0.00200003519314
-0.0001940800452
-0.000982750908895
-0.000917856705613
-0.00209620776518
-0.00331361778993
-0.0006081352447
-0.00113877847687
-0.00322425302614
-0.00201226631147
-0.00359522536638
-0.00193126209231
-0.00084685176066
-0.00398052009508
-0.000118437385921
1.52150690936e-05
-0.0
-0.0
1.17666280732e-05
0.000101114145398
1.68018633294e-05
-0.000373358179378
0.0002521380119
0.0021273441343
-0.00521470193971
0.000842102375705
0.00421687318017
-9.09517292616e-05
0.000404478753317
-0.000414146275467
3.33643109387e-05
0.00208862516752
-0.00306370741978
-0.00180985244706
0.00230534205429
-0.00177189417247
-0.000584443666169
-0.00259569384076
0.00307898675579
0.00196999314967
0.000859821181127
-0.0019872909028
-0.00351335069229
2.83933044893e-05
1.80834637505e-06
-0.0
-3.24999037552e-06
6.73165778393e-05
-7.33365792442e-05
-0.00202174008715
0.00178103428242
0.00133595063925
0.00189327528457
0.00144317624245
0.000712242963686
-0.00218193979561
0.000606290549572
0.0035949451843
-0.000864475231229
-0.00164626738253
0.000415840108041
-0.000173653664458
-0.00155060582285
0.000905277608065
0.000413705392952
-0.00328594091635
0.00150250236705
-0.00015164670016
0.00106592012978
0.00237362026809
-0.00270767750022
-0.00157694529233
6.18990610691e-06
-0.0
-2.11970458682e-05
-1.22288633036e-05
-3.6889802396e-05
-0.00100575035369
0.00175827860929
-0.000791369491538
-0.00306156746398
-0.00259052532701
0.00147342147446
9.30985727137e-06
-0.000318125156873
-0.000363924713401
0.00130143431892
-0.000805328851129
0.00215495382446
-0.00191460147231
-0.00033882281688
0.000307959250809
-0.00203485224631
0.00224198523119
0.000855190732573
-0.00283436604933
-0.000390084772826
0.00461510043289
0.00138484687752
-0.000881302588526
-0.0
-0.0
-1.06857395374e-05
-2.25863655907e-05
4.7278917931e-05
-0.00178175214522
0.00391704016073
0.00280605430647
0.00360762624232
0.0022334863002
-0.000876535572127
0.00344876986961
-0.00101239991103
0.00203340791649
-0.00170630423875
0.00377246751138
0.000126594104453
-0.00225652379488
0.00168053420735
-0.00102513124403
-0.00324360932846
0.00172897270793
-0.00122326780243
0.00415012332968
-0.000851564545242
-0.000141080891286
0.00291441704166
-0.000609479090935
-0.0
-0.0
-5.29868606564e-07
-1.62495680167e-05
4.92878375658e-05
-0.00375035390881
0.000694217556862
-0.00218429062035
0.00114568323617
0.00130339248108
0.000957206313872
-0.000119959035204
-0.00156832152275
0.000687392932437
-0.000953434628769
-0.000371058583701
0.00144955534013
0.00137222714024
0.000898075571068
0.00216493993996
0.000699694634689
0.000587332194002
0.00418360662275
-0.000675836093194
0.00199899241231
-0.00122968008557
0.00117938311321
-0.00243510921086
1.618241716e-07
-0.0
-0.0
2.18931226629e-05
-0.000194468681283
-0.000700764393966
0.00257496341464
-0.000640154822839
-0.00519786254716
0.000826698162884
0.00150853228534
0.00183809467301
0.00238785324004
-0.00349118891601
0.000325117238302
0.000951467894801
-0.00306702712563
0.000570505462096
-0.00395656146911
0.0022964800522
-0.00218171181828
-0.000691485132227
-0.00278344576411
0.00162747391514
0.000674862514915
-0.00273924665814
0.00228360957141
-0.00332193298294
2.95405139894e-07
-0.0
-0.0
2.23931547861e-05
-0.00108637331302
-0.0031534573217
0.0012128810215
0.000344003093969
0.000394895921819
0.00139897616397
0.00170552577037
-0.0025116434936
0.00593052393261
0.00347925814019
-0.000983705070857
0.00157790706999
-0.00255739744411
0.00145277934445
0.0012433939781
-0.00437037257181
0.00252459459566
0.00433851729537
-0.00251066258335
0.00134323137281
0.00235753027926
-0.00504036707177
0.00122360435224
-0.00290672788194
-1.41020121906e-05
-0.0
-0.0
-2.15944732234e-05
-0.00113766827781
0.000122693571706
1.75926266779e-05
-0.00390439967471
0.0013698372282
0.000925955675241
0.0018939995252
0.00291679935125
-0.000213528516312
-0.00200794264865
0.0003647929025
0.00229997845702
-0.000753124209569
0.00166265673677
0.00251038520791
0.00164517010934
-6.11473466476e-05
-0.000686453108735
-0.00174432601372
-0.00141703468962
0.000171046545212
-0.00256402324762
0.000662641373453
-0.00045606280213
-2.0393929426e-05
-0.0
-0.0
3.89062329514e-05
2.29673969536e-05
0.000900272044401
0.000907174616245
-0.000746323892002
-0.00141136989156
0.000613636558559
-0.000215119944254
0.00182148035256
-0.000128697188308
0.00371432471732
0.00255764813514
-0.000821535362301
0.00132362110023
-0.00154701809861
6.02976244021e-05
-0.0012400639053
0.000212202608688
0.00273789536581
0.000507508655836
-0.000176387369594
4.89059350928e-06
-0.00106888019926
0.000150631943287
-2.83443325316e-05
-1.35089323838e-05
-0.0
-0.0
9.84013631896e-05
0.000505452598018
0.000745566953147
-0.000738178605792
-0.00147631353256
-0.00057376136406
-0.000703568040735
-0.000459104054548
0.00293274736161
-0.000881824218541
0.00170864304857
0.000472838243901
-0.000700211579401
0.00359879434849
0.00212921929897
-0.000280384692602
6.50696980194e-05
-0.000323047187911
-0.0011471452769
-0.000827379691323
0.00165116507815
-0.00294403052952
-0.0028233383788
-3.27975805585e-05
-0.000114358977959
-0.0
-0.0
-0.0
7.40833331722e-05
0.000390802259473
0.00121219091671
-0.000427205693503
-0.00193293384189
-0.00155216388827
0.000728935755276
0.00171220632502
-0.00198169009347
-0.000128476781697
0.00223736685218
0.00098456746253
0.00068437318889
-0.00144635434074
-6.85832818061e-05
9.73399586069e-05
0.00660709849127
0.00262712480152
0.00198404069734
-0.00283649395021
0.00253028897664
-0.00211035172495
-0.00110497234803
2.88395551615e-07
-7.24233304934e-06
-0.0
-0.0
-0.0
2.7078147184e-05
0.000234913353663
0.000718515837277
-0.000425257871499
0.000467620625952
0.000477706737966
0.00610933402346
0.000475967471515
0.00378928126862
-0.000508921513432
0.00120640390344
0.00144182624643
-0.000119719275539
0.00450773168775
-0.000843150286256
-0.000942756051779
-0.00334961052847
-0.000532612091207
0.00050476823387
-0.000827757499371
-1.48509131502e-05
-0.00109836686699
-0.00110919587245
4.26846255058e-05
6.65907773522e-06
-0.0
-0.0
-0.0
1.11903179114e-05
6.28548007449e-05
0.000325732401882
0.00069646284603
0.000567496304612
-0.00287005434607
-0.00288100058773
-0.00089100234899
-0.00297791100456
-0.00333866264492
-0.00191872975531
0.000647300057906
-0.00136490233317
0.000102080970552
0.000764806567146
-0.00302520470474
0.00317212100909
-0.000315523021758
0.000236301397575
-0.00162526768752
-0.000599608623426
-0.00035771162544
-0.000122476550359
8.25569753019e-06
1.6544126408e-06
-0.0
-0.0
-0.0
-0.0
3.08578383736e-05
0.000145745442016
0.000327622946872
-0.00182908571017
-0.000473391779625
0.00186385523348
0.000796183933016
-0.00130458326035
-0.00182402226223
0.00103199695025
-0.00348504008065
-0.00569230016867
-0.00237151384228
-0.00103771302004
-0.000218508315612
-0.00137269164248
-0.00192974409774
-0.000669217297037
0.000264828527633
5.17429806823e-05
-5.82397871832e-05
1.62676729959e-05
1.18901810647e-06
-0.0
-0.0
-0.0
-0.0
-0.0
1.33357709668e-06
3.07932476768e-05
7.92904604303e-05
0.00020629151443
0.000762899463282
0.00141424951386
0.00141050521216
0.00200685164971
0.00249496176911
0.00280365439672
0.00102288296608
-0.00126931210393
-0.000611526545863
2.68432011581e-05
0.000853718770838
0.000541551942224
-0.000927252239631
-0.000345474745808
0.000163375522066
4.65991552227e-05
3.12980878171e-05
-2.54340423088e-06
-0.0
-0.0
-0.0
-0.0
-0.0
-0.0
1.45630374759e-06
2.19255424396e-05
1.77560481508e-05
0.000146913918142
0.000429929210105
0.000487140716678
0.000797852731457
0.00107065495512
0.00107978720208
0.00131670626903
0.00119982379185
-0.000597416632231
0.00029928723256
0.000538947891117
0.000398811222927
0.000259113272798
0.000189848763983
0.000117304945035
3.51057176822e-05
-1.23551165398e-05
-1.20802686602e-05
-0.0
-0.0
-0.0
-0.0
-0.0
-0.0
-0.0
-0.0
-0.0
1.07261077644e-05
2.21095021492e-05
3.36005077573e-05
3.55942032262e-05
4.3334502625e-05
5.20228982901e-05
7.71933721026e-05
0.000157804091788
0.000151630617137
8.90362104107e-05
0.00011284529595
7.92011259763e-05
4.74339991122e-05
3.02982665165e-05
3.31109009052e-05
1.86267934219e-05
4.67563511833e-07
-3.56744883056e-06
-0.0
-0.0
-0.0
-0.0
-0.0
-2.40143548322
