-0.0
-0.0
-0.0
-0.0
-0.0
-0.0
-0.0
-0.0
-0.0
-0.0
-0.0
-0.0
-0.0
-0.0
-0.0
-0.0
-0.0
-0.0
-0.0
-0.0
-0.0
-0.0
-0.0
-0.0
-0.0
-0.0
-0.0
-0.0
-0.0
-0.0
-0.0
-0.0
-0.0
-0.0
-0.0
2.24816605461e-06
7.36339674424e-06
9.71369790838e-06
7.82420067991e-06
1.38591389324e-05
9.91452988369e-06
9.42559727597e-06
7.99510394673e-06
1.51881725993e-05
2.55451556997e-05
1.48631109218e-05
7.58733635955e-06
6.7839660255e-06
1.07483116986e-05
5.98944639285e-06
3.01340933918e-06
-0.0
-0.0
-0.0
-0.0
-0.0
-0.0
-0.0
-0.0
-0.0
1.42111408431e-06
4.38252459711e-07
1.35029760176e-06
4.80939407112e-06
2.11692815492e-05
3.83327932962e-05
7.41078497809e-05
9.45274729374e-05
0.000121221718313
0.000164442457829
0.000271034497242
0.000108882824059
1.16731846271e-06
0.000289759644194
0.000338656066289
0.000252955393424
0.000129628919815
5.63081418381e-05
1.67368030347e-05
5.05348434207e-06
2.17353855943e-06
-0.0
-0.0
-0.0
-0.0
-0.0
-0.0
-0.0
4.28563048936e-07
2.57221256304e-06
1.9314013026e-05
3.46621182658e-05
9.47717632247e-05
0.000130984687885
-7.24465687391e-05
-0.000889903032931
-0.000962083878256
-0.000766179615884
-0.00478693020281
-0.00143314063308
0.00092929839742
-9.497789415e-05
-0.000835427276346
6.62226052711e-05
0.000175117719275
0.00018246404499
0.000101370078097
3.23815755627e-05
1.23150484621e-05
-0.0
-0.0
-0.0
-0.0
-0.0
-0.0
9.96948109379e-07
7.0695325605e-06
-0.000122886718417
4.67686032413e-05
0.000131606158178
0.000296772390112
-0.000192180835653
-0.00156149253407
0.00120697378859
0.00075792447379
0.00013338149105
-0.00124602325144
-0.0043494362261
-0.00155053319711
0.00190557082658
0.00170993688132
-0.00241062048329
-0.00201057505426
0.000895641083045
0.000415409372265
0.000174791308178
2.48135904579e-05
5.86474198756e-06
-0.0
-0.0
-0.0
-0.0
-1.77723386105e-06
4.26026563476e-06
3.25912297019e-05
-0.00103291252638
0.000182996578898
-0.00198017823719
8.96875952955e-05
0.00130130895472
-0.00454127934976
0.0069752533602
-0.00353527215315
-0.00521438401529
0.00439578133142
0.00293677632127
-0.000882438343184
-0.0151689966584
-0.00423396695713
-0.00492430542573
-0.00396667951494
-0.00705187731498
-0.00563853478372
-0.00254946016392
0.00021690740114
3.50311876057e-05
1.35877414442e-05
4.63178655041e-07
-0.0
-0.0
-0.000155649036248
-0.000732053211883
-0.000835695891699
0.000776555433448
-0.00458747208782
0.00139043558076
0.00238570299632
0.00565517449119
0.0010300258698
0.00086801056435
-0.00214323452296
0.00116058112402
0.00211518969601
-0.00176102117752
0.00317899444272
-0.000586049470546
-0.000311564551992
0.00161754179401
-0.00173089532309
-0.00360163549755
0.0104253350853
-0.00195186667764
-0.000318753600513
-0.000585643011821
-0.000160929000888
7.25378008487e-06
-1.2108817402e-07
-0.000811823766933
-0.0028813359151
-0.00132590308277
0.00301799130374
0.00754305906727
-0.00291633630521
0.0135245367744
-0.00784588622745
-0.00459633653369
0.00572680933385
-0.00465397877904
0.00625275066939
-0.00266963852513
-0.00332840422399
0.000840985902841
-0.00115433980958
0.00601883717246
-0.00293836475057
0.000132060494168
0.00236083758898
0.00124610960324
-0.00111958931252
-0.00345892607084
-0.00473764230029
-0.00544295410756
-0.00265895171171
6.81852494643e-06
-4.92081706121e-07
-1.1606711795e-06
-0.00149093534922
0.00260983392253
-0.00167334632036
-0.0077813131163
0.0112283508141
-0.00232602456752
0.00516305259184
0.00331957065782
-0.000113480146608
0.00320441554308
-0.00102456877157
0.0036761528991
0.0004031741369
0.00539648881414
-0.000388635147667
-0.00248866116233
0.00117297561235
-0.00118231882782
-0.00172505223514
0.00150789280414
-0.000503925801609
-0.00503887672174
-0.00121619329558
-0.00611477775418
-0.0027288133276
-4.27155472933e-07
-7.98666652012e-08
2.77602351657e-05
0.00414244937804
0.00362852565421
-0.00543620324318
0.009845481745
-0.00382601393242
-0.00122870606337
0.00667184259895
-0.00485099160243
0.00606500807525
-0.00287914682602
0.0078558973757
-0.00347332355024
-0.00254980831045
-0.000588814570508
0.00379129206171
-0.00100929848481
0.00753661814127
0.000154605135044
-0.000764158133646
0.00267450180829
0.00669312470599
-0.00421253807919
0.00196607139078
-0.00311455302758
-0.000387449817519
-6.54735057646e-08
-0.0
-1.80587089305e-06
0.00661367486359
0.00676156079282
0.00342649854878
0.0110689268597
-0.00451319825609
0.00021050185146
-0.00516781257454
0.000741624172294
-0.00325354234842
0.000494869392705
-0.0121797344364
0.0168478151478
0.000831725025829
0.00387096876904
0.000804183800113
0.00722195193435
-0.00599928321258
-0.00282554353172
0.00406208436758
-0.00548433438738
6.21899242331e-05
0.00814039459019
0.000917216525337
-0.000682947005477
-0.000675230289698
-0.0
-0.0
2.33492220184e-05
0.00112679506868
0.00663404703937
0.00217293697728
-0.00366970506853
0.00471294758558
0.00281149506359
0.00908424265892
-0.00114123338223
0.00558291786572
0.00524507634211
0.00320470922368
-0.00458723893035
0.00158484308225
0.00328493158569
-0.00241260590565
-3.07532166216e-05
0.00760814627729
0.00460401157114
0.00156971476094
-0.00131105752102
0.00296292304173
-0.00303838681917
-0.00447499731363
-0.000308562831244
-0.000299294175247
4.62983898177e-07
-0.0
2.82512398443e-05
0.00105978389432
0.00574738382466
-0.000370137237094
-0.00855985625246
-0.00941938183896
-0.00448225449762
0.0028870892103
-0.00324992107381
-0.00678139539633
-0.00165999689373
-0.00326431951827
-0.00547623656062
0.000327694721945
0.00315841576979
0.00120398616942
0.00120160912898
-0.000731031057741
-0.000713350724425
0.00261922935952
-0.0010101927333
0.000886395577885
-0.0029821683878
-0.00514524201802
4.4202362013e-05
4.89793444667e-06
1.5873733397e-06
-0.0
7.09126088506e-06
0.00284052574102
0.00113863495789
0.0109202354553
0.00494803874487
0.00261763041076
-0.00391358898301
-0.00912033998092
-0.0023848120066
0.000541223556853
-0.00469898468533
-0.000375161703071
-0.000643398804979
-0.00779004340153
-0.00374755277825
0.00369222314469
-0.00250125551728
-0.0045506779339
-0.00357973218924
-0.00410627979859
0.00474126729328
-0.000927628881221
-0.00926438810085
-0.00452202481719
-0.00556933868179
-3.89252188279e-06
-0.0
-0.0
1.58380391251e-06
0.000502254087006
0.000671654812443
-0.00329624404841
0.00349009446979
0.00285753588293
0.00322939277683
0.00471450046634
0.00239569477782
2.16523217901e-05
0.0082947937071
-0.0126910221004
0.00329173313515
-0.000400030611859
-0.0029375937918
0.00315817301331
0.000655819113924
5.46713192716e-05
0.00242087595775
0.00120774002628
-0.00724423026669
-0.00506244506721
-0.000604706149251
0.0081729332504
0.00573243719642
-5.45255637624e-06
-0.0
-0.0
7.85357313391e-08
2.40842909027e-06
-0.000159585705154
-0.00118040546211
-0.00269376663244
0.0025238463605
-0.00470496888955
-0.00209512265361
-0.00373272100215
-0.00173538757007
-0.00389782759428
0.00476720011697
-0.00806488887013
-4.03579289638e-05
-0.00303960354886
-0.0078836046785
0.00694133306999
-0.00115401693016
-3.04776822645e-06
0.0052338905999
0.0120773983554
0.0020937026927
0.00240075211106
-0.00152824728918
0.00192255887657
-1.99529278589e-05
-4.1502662446e-09
-0.0
-0.0
-2.86193063234e-06
-0.000240725699979
0.008421497683
-0.0064377419919
0.00410020469474
0.0013027037979
0.00279054324571
-0.00210373444507
0.00594636278757
-0.00666392407993
0.00130174903556
-0.00207513311348
-0.00143058704934
0.00310413083886
-0.0014072372448
-0.00488174377073
0.00611872372156
0.000631978071488
0.000982356429547
-0.00995897052051
-0.00710298264032
0.00397703411899
-0.00517655342364
0.000327972777318
-1.5885747175e-06
-7.60882667316e-09
-0.0
-0.0
1.37325252191e-06
-0.00171299357256
0.00241549270726
0.0035681530469
0.00132332799268
0.00049768424516
0.00234068048548
-0.0089587125257
0.00131226561982
0.00321634316255
-0.00162772455268
0.00395906489054
-0.00407975083366
0.000611483019892
0.00395890475595
0.000833693767672
0.000448876812442
-0.00742627335824
0.00457650833464
0.00294220174821
-0.000834617766339
-0.00211491514391
-0.00535132506542
0.00199990139602
5.27475850495e-06
-8.05315495717e-07
-0.0
-0.0
1.89118771349e-05
-0.00173877831084
0.000451777622791
0.00395674330324
-0.00365717787597
-0.00469187870591
-0.00602391870319
-0.000211187000634
-0.00160984743303
-0.00370214374156
-0.000807660485017
0.000160144542827
0.00590051713681
-0.00246407032606
-0.000799265724839
-0.00115752610887
0.00087387624554
-2.87249796763e-05
-0.00597153999554
-0.00123817078022
-0.000466909183898
-0.00757889206446
0.00883051199451
0.000332725348589
-2.37033728264e-06
-1.57066891071e-05
-0.0
-0.0
4.3595470649e-05
-0.00063855466099
-0.00326268004365
-0.00618461036659
0.00151522472044
-0.00549216191911
-0.00975186627062
0.00113317340367
-0.00252808658967
0.00053154580051
0.0029986139063
0.00127304132251
-0.00701217791915
0.00278833869786
-0.000802915367401
-0.00487501652735
0.00293847468204
-0.00215145745329
-0.00339518772387
-0.000395726186165
-0.00574067751138
-0.00418275290188
0.0027443801392
5.35010043877e-05
1.63166222474e-06
-8.55071576252e-06
-0.0
-0.0
6.47200798603e-05
-0.00111368799169
-0.000994381537741
-0.00569311119609
-0.0057478683197
0.00226456749787
0.00355142646358
-0.00034438683464
-0.00103671983847
0.000712780239386
0.000229165200639
-0.00246821693914
-0.000524793455106
0.00664632698346
-0.00243034224555
0.0026618939827
-0.00591028233058
-0.0064591417291
0.00412778290249
0.000339377555524
-0.000893472947625
-0.00429856443978
0.00176316874068
5.59473000208e-05
7.50453808288e-06
-0.0
-0.0
-0.0
5.11433122336e-05
-0.000348443853814
6.88963977638e-05
-0.000638528573595
-0.00453279100219
-0.00274181259149
0.000779212278022
0.00272671117915
-0.00429982804148
0.00382020100661
-0.0012635542245
0.0018963015391
-0.000826924624004
-0.0105179647275
-0.00786241975425
-0.000950897103056
0.00252596836499
0.00127872023659
-0.000705023306106
0.000942738116455
0.000304927380545
-0.0048716393863
-0.00241449393314
4.51661901456e-05
4.05826903089e-07
-0.0
-0.0
-0.0
1.7956233588e-05
-0.000334311657285
-0.000314506423234
0.00186891769621
-0.0045754545644
-0.00408052951645
0.00134510524713
-0.00103248294025
-0.000701351592101
-0.00585670655138
0.00353371498827
0.000280899376122
-0.00359551543653
0.00791669031713
0.0131215529669
-0.00358260977057
-0.00655350373757
0.0013627617099
-0.00378712306145
-0.000938917707604
-0.00847878316396
-0.00468778609572
9.11440314331e-05
2.97617665552e-05
-1.33256393145e-06
-0.0
-0.0
-0.0
2.23022482666e-06
3.81274245124e-05
0.000532447024104
0.000466894530654
-3.19839903057e-05
0.00526868030807
-0.003289872781
-0.00353865946254
0.00206453779493
-0.000902285300816
-0.00372155048691
0.0003480959779
-9.61620841599e-05
-0.0137166239725
-0.00213250774763
-0.00429910832538
-0.00266315362816
-0.00360992733632
-0.0080247484718
-0.00457006334089
-0.00586472566464
-0.00278482108817
4.44205373913e-06
-1.50998509857e-07
-9.61777205852e-06
-0.0
-0.0
-0.0
-0.0
-0.000299672115519
-7.51328223929e-05
0.00182346815407
-0.00283571683278
0.00372662817948
-0.00121994455757
0.00443493621221
-0.00137344164622
0.000175359374985
-0.000963374796776
-0.00222081871403
-0.000462231110775
0.0125816978269
-0.00501025273391
0.00461529790794
-0.00163958062479
-0.000586471823697
-0.00509031811073
-0.00110178987127
-0.00761627755813
-0.000988179083488
5.52480207903e-06
1.33055738733e-07
-0.0
-0.0
-0.0
-0.0
-0.0
2.90968954474e-08
0.000152927715284
-0.000556175271802
-0.004167253013
0.00874544590703
-0.00576058263443
0.0030805041104
-0.00541670171031
0.00458059240626
0.000641298632114
-0.00324531130266
0.00535634901673
-0.00859099610149
0.000319201610344
0.000199059295874
-0.00333145481588
0.000905796747755
-0.00368925748088
0.000978466234923
-0.0020553288439
-0.000589636955471
1.01794273042e-06
-0.0
-0.0
-0.0
-0.0
-0.0
-0.0
-6.24589687624e-08
-5.88425587241e-05
0.00842850696888
-0.00107952658607
-0.00308815639051
0.00303880227461
-0.000161319997221
0.00513051160875
-0.00232315913487
0.00350129419364
-0.00113087752732
-0.00174285613592
0.000207646683855
-0.000805666332151
0.00262639944732
0.000402435416512
0.0164316920655
-0.00714015424853
0.00168380997703
0.00405916887206
0.00134674038741
-0.0
-0.0
-0.0
-0.0
-0.0
-0.0
-0.0
-0.0
-0.0
0.000682804832731
0.00240877584947
0.0053820256493
0.00207879290891
-4.64438940322e-06
-2.16360439834e-08
0.000212440941589
0.000490465945497
0.00362110643244
0.00335526219322
-0.0017826917348
0.00288862421326
0.00136791085432
3.52684922883e-06
-0.00133623984856
-0.00115919782113
0.00320672875423
0.00283155823325
-0.0
-0.0
-0.0
-0.0
-0.0
-1.22044198393
