-0.0
-0.0
-0.0
-0.0
-0.0
-0.0
-0.0
-0.0
-0.0
-0.0
-0.0
-0.0
-0.0
-0.0
-0.0
-0.0
-0.0
-0.0
-0.0
-0.0
-0.0
-0.0
-0.0
-0.0
-0.0
-0.0
-0.0
-0.0
-0.0
-0.0
-0.0
-0.0
-0.0
-0.0
-0.0
2.04772010096e-06
7.22869911136e-06
1.00708203943e-05
7.67029387107e-06
1.27352375023e-05
9.28145929594e-06
1.25468530699e-05
1.11926767387e-05
1.69187251801e-05
1.5762024543e-05
1.50252423667e-05
1.171212968e-05
6.44964521548e-06
7.00976843065e-06
4.07578684067e-06
2.13512496171e-06
-0.0
-0.0
-0.0
-0.0
-0.0
-0.0
-0.0
-0.0
-0.0
1.32810784045e-06
2.14064606578e-07
3.55489195224e-07
1.49177992343e-06
1.30653589772e-05
3.12595733562e-05
-0.0128932459971
-0.0158745864638
-0.0175525266724
-0.0216041005578
-0.00373903598038
0.000121746584015
0.000251114441072
0.000306444032177
-0.0150503578267
-0.0234493672648
0.000112598486094
5.00631050121e-05
1.58435750235e-05
-9.51587517784e-07
-5.69031833214e-07
-0.0
-0.0
-0.0
-0.0
-0.0
-0.0
-0.0
3.78364386241e-07
6.83255817157e-06
-0.00254488080893
-0.0108928508745
-0.0111120702311
-0.0966945232044
-0.0538592754217
0.166943142646
-0.110037749261
0.0460803822371
-0.0207859973338
0.0363923320538
-0.0299532700384
0.00378682160432
-0.00461265377566
-0.0179110407361
-0.00470831977065
-0.00829476178003
-0.00236378419355
1.59792514019e-05
8.0011379677e-06
-0.0
-0.0
-0.0
-0.0
-0.0
-0.0
1.38709668279e-06
1.09254351829e-05
4.39690566365e-05
-0.0148230424751
0.135715058389
0.0450059076865
0.0856201769775
-0.0844384452316
0.0434447112332
-0.0241701325084
0.0262861193148
-0.0166457058357
-0.00578539056345
0.00623241594337
0.0084524049224
-0.0137038781498
0.0230663159405
-0.0265312042745
0.0160077916023
-0.0473839361776
-0.0737456700905
0.166294143313
-0.0180011006924
-0.0
-0.0
-0.0
-0.0
4.48185317384e-07
1.1709830953e-05
6.1363974582e-05
-0.00739198722674
-0.035365500285
-0.0915958051412
-0.0338838702629
-0.00391192431347
-0.00539249975498
0.0026069714504
0.0211583011724
-0.0395992559002
0.0542834926246
-0.0406056108287
0.0225158078975
-0.0195027705109
0.0189090952044
-0.00348079010453
-0.00256816729446
0.0109909140701
-0.00205961800438
0.0511265962216
-0.0569173105864
0.00504959782967
0.166355412693
-5.48603622913e-07
-0.0
-0.0
1.65072596209e-06
3.10608953859e-05
0.000129990490085
-0.104689741688
0.0640299496553
-0.0416497969532
0.00900179492194
-0.00244829254591
-0.046197628881
0.0162686616077
-0.0189354350585
0.0419856787184
-0.0384831708157
0.0286523799693
-0.012332886831
0.0384717758045
-0.0267611790475
-0.00333808011954
-0.00743151187123
0.0319905734512
-0.0154546849815
-0.0382663540955
-0.0180790328677
0.0502379850705
-0.157183196688
0.104957593405
8.63482712506e-07
7.4395521283e-06
1.44677511025e-05
-0.00108824070988
-0.0682240092316
0.0727415622128
0.00804604041627
-0.0616525964111
0.0263784741881
0.012320512641
-0.00465805420027
-0.00828607041077
0.0166383712343
-0.00527123781209
-0.0191606423544
0.0231489783536
-0.0070305309173
-0.0102687216274
-0.0168229564074
0.0083072448976
-0.018221553629
0.00174381221413
-0.0114280976358
0.0856343030759
-0.0602823343299
-0.00035923862661
0.0881008400535
-0.0693021372477
3.50904676426e-06
1.27248706687e-05
3.1523517662e-05
-0.00362625008069
0.0330569230361
-0.109031018277
-0.000211784727955
0.058381143724
0.0109532736918
-0.0117677168678
0.0190685770871
0.00316567160509
-0.0317145681139
0.000680459977936
-0.00348660813437
-0.0239769642683
0.00227898485802
-0.00629831464713
0.0160927686581
-0.0051170795827
0.00937070191037
-0.0139073509855
0.0257183480307
-0.0769887568509
0.0731211348849
-0.0632262677533
-0.21189058632
3.53822133895e-05
5.6953114992e-07
-0.147043926105
5.2207440231e-05
0.000177876820245
-0.0659311478983
0.0530113169161
0.040380720154
-0.0796274193737
0.00790215647428
0.00889367496343
-0.019296686202
0.032836505213
0.0188073587633
0.0122595424072
0.01699801075
-0.0271813188014
-0.00333286835062
0.00447659388548
-0.0271252854387
0.0401988763422
-0.00364985768754
-0.0100796665506
-0.00269792351595
0.0269146083381
0.0462774636083
0.0131305285815
-0.0794031650231
1.91046448422e-06
-0.0
-0.0169566023815
4.37920274716e-05
-0.0138737019384
-0.0351714501779
-0.111907618358
0.0468216045564
0.0174165655772
0.00983549957707
-0.0160597432491
0.0304071154365
-0.0267949654433
-0.0067650254752
-0.0275646205692
0.00528998126192
-0.0101779728898
0.0292879209249
0.00606845816409
-0.0168310708531
-0.00403090965619
0.00330715876341
0.013934421981
0.0666433665786
0.00923005815104
-0.058607348717
-0.0212374966893
-0.0120734980237
-0.0
-0.0
9.01629100908e-07
4.16818003007e-05
-0.0271966997008
-0.0498805689796
0.135581939842
-0.0548182460863
0.0606253888459
-0.00970103416531
0.00702454334636
0.0128717913627
-0.00691082866375
0.033086315599
0.0343240413813
-0.0173584654193
-0.00130246975555
-0.0356828959985
-0.00408398928116
0.0225173685547
-0.0132949405935
0.0228388207794
-0.0680685531035
0.0652172858808
-0.0742201983691
0.21795106039
-0.0970479867013
0.029486030234
0.0119322107232
-0.0
2.31668865812e-07
2.85200201561e-05
-0.0275604196042
0.153510668944
-0.0544376725527
-0.00666168918878
-0.0315773608168
-0.0359945497942
0.034972898252
-0.0251248050828
0.0391307190563
-0.0113753424816
0.0057913935935
0.0111054520141
0.0133167181683
-0.00447580012318
0.00969304724847
-0.0207986735086
0.051364841053
0.0184862598847
0.0280970377175
0.00697241275441
0.0281295925884
-0.0418220969801
-0.109760826385
0.0818262724872
0.0409104367651
-0.0
5.56539679126e-06
1.50745761557e-05
-0.0136588637622
-0.0590624010361
-0.042586447299
0.107301192397
0.0252170292774
0.00675829256834
0.0158670941862
-0.00755900435531
-0.007792892222
-0.00136264240892
-0.00434082673942
0.0145542710157
0.0238331322919
0.0170563794441
-0.0339185419493
0.0104517207536
-0.0461496623031
0.0131434981128
-0.0875703517449
0.115797519346
-0.0607997724212
-0.0623659035663
0.143551486666
0.00298439796914
-0.0
-0.0
2.85110272256e-06
6.91107947227e-06
6.19086280133e-05
-0.125124458496
-0.00815484730569
-0.156019427223
-6.54059269053e-05
-0.0126957583902
-0.0343629098698
-0.0207989889984
0.0299753091327
0.0138287761349
0.0214023735492
-0.00977125183819
-0.018930778696
0.00317481709095
0.0378036703733
-0.0138685927326
0.0107288062297
-0.0289455848445
0.0464326429661
-0.0671345934392
0.00273069690185
-0.0534277830647
-0.00810111391491
1.01183226792e-06
-0.0
-0.0
1.41376994602e-07
4.33556116775e-06
6.25634975896e-05
-0.0163998891037
-0.0233494300381
0.104052010009
-0.00868612522406
-0.0293303067314
0.0200549896347
0.0233411445069
-0.0138459108848
-0.00688433489294
0.000140838453363
0.010417429811
0.0117355618422
-0.00475369713666
-0.0365930527844
-0.00018599943899
-0.00418282733622
-0.0377445608478
-0.057204837289
0.0463573768751
-0.0527968624947
0.12151677695
-0.0344797721232
-0.00445607259685
-0.000418295075762
-0.0
-0.0
9.40673203385e-06
6.71075807667e-05
-0.0282328875421
0.013893960504
-0.127372869628
0.0414087179635
-0.0355470702711
-0.0191652758022
-0.00524211609195
0.00289687385369
0.00802199265556
0.0310188607226
-0.0058292332377
-0.0233324743197
0.0372937057897
0.00446771446802
-0.0226968046174
0.0176211454435
0.0348408962431
0.0731942108939
-0.100544988929
0.078080515051
-0.171334542237
-0.0721651682252
-0.0159547362065
-0.000766874305564
-0.0
-0.0
1.6421646265e-05
-0.00815353706803
0.0544742301697
-0.0166648716956
0.0589980929493
-0.020643589081
0.0468050115393
-0.000376039926746
0.00438220503023
0.0189646244152
0.000639300631385
-0.00933546925588
0.00999578133413
0.0034932982359
-0.0176886936536
-0.025186412333
0.0339107617953
-0.0727486865049
-0.00366566542355
-0.0929838916528
0.0987461818622
-0.0549957481753
0.133843728118
-0.0739555777166
-0.0159422795461
-0.000765352765927
-0.0
-0.0
-0.00154026337514
-0.0190304237467
-0.0421921147479
0.0844895504003
-0.0595415062353
-0.0333936157403
0.0112490824699
0.0262532415262
0.0285537671885
-0.0102351542505
-0.00797446746698
0.0436845740183
-0.0264639578646
0.00594745670206
0.00868850555148
0.0243071298983
-0.0300762045125
0.0665878445658
0.0323063998078
0.00909305205956
-0.0214316138101
-0.0219215031609
-0.0540019347626
-0.0528305091878
-0.00528875820581
-0.0123008064087
-0.0
-0.0
3.28164981851e-05
-0.0225334986512
0.0301064426219
-0.0996173246859
0.048946774993
-0.0115055605829
0.00167491029806
0.00272379812091
-0.0398975034434
0.0377746467297
-0.000381229287355
-0.037695125992
0.0334919338937
8.66614926819e-05
0.00292342705189
0.000817976825214
-0.00439966331008
-0.0220514930487
-0.103602869836
0.0876324905906
-0.0106704938889
0.0581425369905
0.00503478745664
-0.101276028882
2.09533894583e-06
-0.00515179825425
-0.0
-0.0
2.62704428413e-05
-0.0159051239913
-0.0238584771557
0.117734986598
-0.0348160475988
0.01226172476
-0.0345042370415
0.0288240924638
0.00416039174004
-0.00153696861859
0.00920779264821
-0.0295257648613
-0.0258144504465
-0.0117569292586
-0.0208427699844
-0.0236212667438
-0.00848047207128
9.20542287806e-05
0.0951421732785
-0.0505376103441
-0.0185428900982
-0.0191437012368
-0.0047406996948
-0.0205613736507
1.04814525564e-05
-0.0
-0.0
-0.0
1.01496602892e-05
-0.0287854508281
0.0945404650519
-0.127211133253
0.00797602866201
-0.0201882165716
0.073941475213
-0.0583933696226
0.029838048473
-0.0560799721705
0.0266084011801
0.00677211966446
0.00764328923541
0.00468028866815
-0.00145351829501
0.0502799997901
0.0202836633448
-0.0408329774012
-0.0468379904914
0.0621515934309
-0.0220881325679
0.0545381695732
-0.0650522700097
4.61163100691e-05
8.30877253034e-06
-0.0
-0.0
-0.0
5.23328645132e-06
-0.0165169822416
-0.113526650369
0.0200750983701
0.0577659671921
-0.023374531153
-0.0206470917334
0.00369132222769
-0.00147142497947
0.017849697183
-0.00293048348356
0.0133976629343
-0.0105852963695
0.00846331823798
0.00340952239695
-0.0456938628709
-0.00887194457573
0.0403084522723
-0.0355652251947
-0.0112664736396
0.0367778311086
0.0407635704237
-0.121307542209
3.0521107457e-05
3.81262594834e-06
-0.0
-0.0
-0.0
3.5604433839e-06
4.49867499545e-05
-0.0902157809672
0.0763783033008
-0.0626767887992
-0.022954814199
0.0384052695981
-0.0351200599534
0.0202744934376
0.0132460653655
-0.00703652245808
0.0267166891737
-0.00985404066852
0.00973644982477
0.0152301837352
0.0167495290322
0.0144952486622
0.0197776114365
-0.00710470929768
0.00942742536499
-0.0235727414956
0.033565172877
-0.0364638844877
2.01407956954e-06
-1.64945894561e-06
-0.0
-0.0
-0.0
-0.0
1.84649979715e-05
-0.0464725218672
-0.0985002090722
0.04107511244
0.00642623096972
-0.0179917864739
0.0282705964705
-0.00498758905347
0.00383168299897
-0.00608604871822
0.0114054890872
0.0173669545642
-0.0275847213653
0.0558087139454
-0.0138338457708
0.00430738488248
-0.020922302858
0.0108212003224
0.0806734473039
-0.0377375185773
0.0174900090626
-0.0144921356666
7.05275614297e-07
-0.0
-0.0
-0.0
-0.0
-0.0
7.97722130577e-07
1.17334343915e-05
-0.00888027255281
-0.110311123609
0.0525386906958
0.00305221912388
-0.0723059576785
0.0252352276982
-0.0711199708097
0.0520760424072
-0.0648767862455
0.0241328935069
-0.0282348460864
-0.0087270561827
0.0123228767516
-0.035397606004
0.0468590706466
-0.0085925596051
-0.0980238451454
-0.037778401437
-2.12783123597e-05
-5.73918893996e-06
-0.0
-0.0
-0.0
-0.0
-0.0
-0.0
5.83456046577e-07
6.90574031745e-06
2.89041381712e-05
-0.0482401056164
-0.0891346202656
0.000282956474074
0.000385796299875
-0.0112171171518
-0.0236890849117
-0.026095081399
-0.0261143187856
-0.0261057656781
-0.0206095081648
0.000240562571294
0.000164634442289
0.000120300761525
9.52785073927e-05
7.37891645232e-05
4.49089468399e-05
1.80768623684e-05
7.48080252732e-06
-0.0
-0.0
-0.0
-0.0
-0.0
-0.0
-0.0
-0.0
-0.0
3.47755568142e-06
7.49297031269e-06
1.60947146872e-05
1.4509153281e-05
2.48340056306e-06
1.1323895784e-05
4.19234327833e-05
-0.000121620408872
-0.000143089110409
-0.000110820011218
2.66752646166e-05
2.63804447737e-05
2.31181639771e-05
2.11038461325e-05
1.43661348423e-05
6.2688835184e-06
3.84451061963e-06
2.61736176855e-06
-0.0
-0.0
-0.0
-0.0
-0.0
-36.1241118662
