-0.0
-0.0
-0.0
-0.0
-0.0
-0.0
-0.0
-0.0
-0.0
-0.0
-0.0
-0.0
-0.0
-0.0
-0.0
-0.0
-0.0
-0.0
-0.0
-0.0
-0.0
-0.0
-0.0
-0.0
-0.0
-0.0
-0.0
-0.0
-0.0
-0.0
-0.0
-0.0
-0.0
-0.0
-0.0
2.12806420054e-06
7.27122256058e-06
9.9007965764e-06
6.53745104041e-06
9.96444428131e-06
7.77696351212e-06
9.99361819563e-06
7.67515243808e-06
1.0752244297e-05
1.64743184864e-05
9.37257647811e-06
4.16308178234e-06
5.41533677533e-06
8.22787349526e-06
4.29364063429e-06
2.15357409743e-06
-0.0
-0.0
-0.0
-0.0
-0.0
-0.0
-0.0
-0.0
-0.0
8.96481782328e-07
3.41605675709e-07
1.15383411212e-06
4.50000671183e-06
2.04743697829e-05
3.17938840312e-05
4.68851233247e-05
7.18683192314e-05
0.000125504295589
0.000166848140358
0.000225977443946
0.000224864782416
-0.00359982271538
-0.0116820753684
-0.00687473609842
0.000197064677216
0.000122233279961
5.52259304969e-05
1.63268896578e-05
3.77871274391e-06
1.62290901887e-06
-0.0
-0.0
-0.0
-0.0
-0.0
-0.0
-0.0
3.24020001189e-07
1.03476882763e-05
3.01600418907e-05
-0.00103842231412
-0.00342222093075
-0.00363435516968
-0.00349663771766
-0.00260218387527
-0.107559661443
-0.060434230886
-0.0414511445389
-0.0193055318605
-0.0226793343648
-0.02523076072
-0.00770995927872
0.000625163133467
0.000290373173372
0.00015015816343
9.80089477119e-05
2.67422703623e-05
9.87084745297e-06
-0.0
-0.0
-0.0
-0.0
-0.0
-0.0
1.30360834101e-06
9.70395571704e-06
6.29690345858e-05
1.5211148085e-06
-0.000457573928248
-0.000757613311146
-0.046463703688
-0.023255863427
0.0731221821875
-0.077998987909
-0.0109569027227
-9.31417835715e-05
-0.0183928683387
0.0245330195179
-0.0623269056684
-0.0903959525753
-0.105960218526
-0.00469559498429
-1.82810276912e-05
-0.00781265894633
-0.00162929743147
5.9590795547e-05
4.88480582063e-06
-0.0
-0.0
-0.0
-0.0
1.27075275e-06
1.10997144021e-05
5.62590674558e-05
0.000180065598896
0.000239864450191
-0.00428576591877
-0.0642326578225
0.0227436736163
-0.0635866750732
0.0167485352081
0.0435541974746
-0.0119678831753
0.00912228916514
-0.0253102625292
-0.00784372405929
-2.41302121143e-05
-0.0549341910044
0.0605276627908
-0.0349761862687
-0.11121224257
-0.0117469208199
-0.00543329772166
-0.00151874590207
-0.00181759059902
9.39292199265e-06
3.30156298669e-07
-0.0
-0.0
1.13126354385e-07
3.04935857556e-05
0.000122554137508
-0.130686547102
-0.0482931484315
0.0564486920551
-0.0629904922231
0.0322315639995
0.000776959070976
0.00697845942811
-0.0196924851262
0.0152943874187
-0.00419208950567
0.0318986837788
0.00198865063307
0.0226615738368
0.00486325274586
0.0181475861357
-0.0147613595071
0.0132797270919
-0.0586094805398
-0.0609211317848
-0.00835416623362
-0.00514371319732
2.8557382275e-05
8.90603692054e-06
6.64030383671e-07
-2.68543441283e-05
1.17059231277e-05
-0.000352540129398
-0.121938857911
-0.100312412127
0.0321806920466
-0.0178839963025
0.0324185083133
-0.0719025099087
0.0183083237258
0.0310567349794
-0.0204068956058
0.0202305996639
0.0254785971884
-0.00441306665922
0.0394384520224
-0.00409064647896
-0.00888732333071
-0.00616470644599
-0.015952981995
0.0196022735722
-0.00671466512045
-0.00612042062392
0.0374392741622
-0.0704867706128
3.90572485219e-05
5.37800592331e-06
2.69850645103e-06
9.15300305304e-06
2.11704488043e-05
-0.00262377067356
-0.0251155634764
0.0512283822705
-0.00985310252728
-0.0484762319636
0.0171224943125
-0.00632102900117
-0.0280508650349
-0.00652273078579
0.00708310690323
-0.0203972831837
0.0144211242704
-0.00111724161322
0.000220012784349
0.00547576879994
-0.00649012419791
0.00347579172427
-0.0045563742352
0.00162169233167
-0.0440966952134
0.0125746863494
-0.0658233966381
-0.040016233003
3.49526949642e-05
6.3309927625e-06
4.37977486536e-07
-6.62445834245e-07
-0.103511348419
-0.00663931482333
0.0626410740873
-0.0484341000002
-0.0317086328683
0.0511919452576
-0.0354320631183
0.0352305117
0.0109079156914
-0.0299681580881
0.0278130625899
0.015516333892
-0.0197548487691
0.0583382115883
-0.0466294188526
0.0149641696124
-0.0112562504852
-0.0152804764814
0.0289638506382
-0.042106328792
0.0191631198834
0.017492592832
-0.0143103452755
-0.0460275704826
2.05380133308e-05
1.45165098636e-06
-0.0
1.10204257798e-06
9.07241515321e-06
-0.0388188323876
-0.0267993878086
0.0145576394013
0.0404846373845
-0.0569109362771
0.0258903224104
-0.017825261906
-0.0133947155303
0.015745046104
-0.0109279989962
-0.0340880899742
0.00825213726501
-0.0283625784815
0.0177837727949
-0.034218330895
0.00808510087725
0.0090124743974
-0.0228979696193
0.0305309468241
-0.0111876222505
-0.0445703359885
0.0470465677346
-0.0272593704677
4.66959047403e-06
-0.0
-0.0
-2.65876663183e-05
-1.01359874161e-05
-0.0579119440397
-0.157977725971
0.0488112181473
-0.0279002705572
0.0175683431657
-0.0119850765274
0.00327350815267
0.0409870382461
-0.0118416126084
0.0158699239241
0.0467927946634
0.00575680228666
-0.0192788243725
0.00475445959736
0.0317556960971
0.00357603751625
-0.0156666241117
0.0166475381168
-0.00179674020167
0.0793953151437
0.0219956821771
-0.142207673082
0.0248393977773
3.67965263097e-06
4.17120580436e-07
-0.0
-2.75631114597e-05
-0.00650584808074
-0.0447314255659
0.125332475356
0.0502334429714
0.0467647123591
0.0166995898406
0.00931420478812
0.00366515894661
-0.0286991086429
0.0198082397799
-0.0160980547334
-0.0285764970019
-0.0026328012683
0.0280768300732
0.00470889598407
0.00276225602908
0.00267151759187
0.0559057121292
-0.0285011371345
0.0105112566383
-0.0629126761629
0.0955265759035
0.115903645233
-0.121597694885
2.41743297121e-06
1.43012770519e-06
-0.0
-6.01902614419e-07
-0.0134394904393
0.0394949543437
-0.116545298437
-0.0628606611083
-0.0203082163478
-0.00933007594219
0.0149007925081
0.0112240165254
0.0208240715839
-0.026724353676
0.0269403244078
0.00747551548835
0.0184362786138
-0.0151000027683
0.00392914480137
0.00543189991103
-0.00694015844452
-0.0283025273431
-0.00847430735879
0.0434184879737
-0.0432034048215
-0.0555486828645
-0.0242885580129
4.16127751669e-05
1.48662094104e-06
-0.0
-0.0
1.70999959863e-06
-0.0011991934071
0.09715532931
0.0459882419937
0.0189816676199
-0.00475971510442
0.040763622541
-0.0428552968645
-0.00595713416146
-0.00530722799979
-0.00762361336341
0.00828436719518
-0.0105934506389
0.010643327643
0.0305486425186
-0.023845562876
0.00967791958845
0.0102033538762
0.020949838481
-0.000548536972879
0.00978809065767
0.0572366913936
0.0429573056806
-0.11906531328
1.16152567195e-05
2.83402825514e-06
-0.0
-0.0
8.47933687016e-08
2.6003299713e-06
0.0115789283625
-0.0583977791682
-0.0323818930965
0.0421689003467
-0.0584498284684
0.057425271573
0.00345947901681
-0.0023771873808
0.0260344025015
-0.0362171840124
0.0148859661451
0.0145345638819
-0.0264452366602
0.0431473714008
0.00649244713742
-0.0150298501481
0.0269845536599
0.0574877921089
-0.11701074729
0.0308196017486
-0.0336171094591
-0.0400946609277
6.98784569324e-05
-0.000741119526164
-7.07936902842e-05
-0.0
-0.0
-0.0312464728535
-0.0817324424488
0.0790450431909
-0.0303005350372
-0.0148105342264
0.0134993412079
-0.0357222814237
-0.00355967162127
0.00261103774172
-0.0297574345437
0.0499607930834
-0.0104180769981
-0.0426287151726
0.027820480774
-0.0070015761612
0.0131307585275
-0.00842821205776
-0.0604088124308
-0.037621809427
0.0912631061322
-0.0402790412549
-0.038522295509
-0.0356423071085
9.45008648531e-05
-0.00269217133582
-0.000129788432188
-0.0
-0.0
-0.0572309421223
0.0563455251413
-0.155670388745
0.0668160194744
0.00963140028285
0.0111153119941
0.00925983427572
0.0242722803865
0.0146654296265
-0.00978991117105
-0.0189515257063
0.020633506718
0.031152356506
-0.00696349438233
-0.0179615993648
-0.0137692642699
0.0132378068381
0.0563120246423
-0.0370056834285
-0.0526921758239
0.0155509164531
-0.0607337191677
-0.0326083546104
0.000100070565645
-0.00268452270247
-0.000129077936798
-0.0
-0.0
0.0316296086135
0.105814037848
-0.0322759085332
-0.0322798346115
-0.0202670448073
0.000151674914003
-0.0352957875245
-0.00424459908384
0.0196625646165
-0.0270746593043
0.0067823798242
-0.016334664603
-0.00637511679262
-0.017535803328
0.00649610985259
0.026959892935
-0.00484238851397
-0.0408231256703
0.0414982884054
-0.00936705442893
0.0484767860172
0.0145111754654
-0.0251123220359
8.55015561975e-05
-0.000892096715095
-5.19046767224e-05
-0.0
-0.0
-0.0250754069974
0.0408370986642
-0.116488144874
0.00967114150318
-0.010609211965
-0.0271909362915
0.0859688754746
-0.0103877952349
-0.00550706949982
0.00263703917081
-0.0358581479627
0.0108383879709
0.0330866690062
0.00784876885664
0.0275325254622
-0.00228249068572
-0.00457898065662
0.0168214353922
0.0123303806875
-0.0350874756891
0.00727718803728
-0.0975841730855
0.0400028654425
3.99126741188e-05
-4.8032569812e-07
-2.55178648121e-06
-0.0
-0.0
-0.065167865711
0.0800675607964
-0.00501836250671
-0.0453768075499
-0.0376899663016
0.0768508289628
-0.140000437847
0.0330798024713
-0.027114369909
0.021214108693
-0.0184811983987
-0.0219787340914
-0.0351697152867
-0.0304049072497
-0.0253036737369
-0.0246782019252
0.0104820012019
0.00798370148249
-0.00529974318353
-0.00875491077386
0.0691802585132
-0.0910472565621
0.0354540641792
3.17509950167e-05
-2.27218773347e-06
-0.0
-0.0
-0.0
-0.0714642881998
-0.118196373437
0.0836695116712
0.039103224093
0.0434189555855
0.0683473597094
0.00429508577971
-0.00718984256567
0.035699526835
-0.0500614428457
0.0264852017068
-0.0105471088236
0.0255020972891
-0.00187423129763
0.0190878969394
-0.0129683022645
0.0109937145547
0.0110683285365
0.01612576112
-0.0540116281567
0.0103751138953
0.0804866893545
-0.0296590809034
-0.00286909315623
1.09559878354e-06
-0.0
-0.0
-0.0
1.55245779502e-05
-0.00258868672645
-0.0285796168619
-0.149974659887
-0.0549784890105
-0.0233067227938
-0.00347936135815
-0.0413886166377
0.0246486735091
0.0144760328924
0.0132889473137
-0.00168462850618
0.000535980740106
-0.0231975173959
-0.0327812498003
0.00631149777529
-0.025422235188
-0.0537381986022
-0.0495541792628
-0.00563680099285
-0.0933340267412
0.0603684147636
-0.0301298173053
-0.00840831632126
-0.00487932322027
-0.0
-0.0
-0.0
3.46609844619e-06
-0.00480350661399
-0.00634062368617
0.118718500323
-0.0706235040648
-0.00188791057667
0.00166137357859
-0.00507809639488
-0.0216873157401
-0.0218068226164
-0.0288419213361
-0.0164050097837
-0.0212751837569
0.0170570527225
-0.0042357470069
-0.0163412924684
-0.0128703797804
0.00919091313344
0.0783125851373
0.0280696195064
0.00980998715474
0.0332683011265
0.012025534368
-0.00496476133547
-0.0186381582831
-0.0
-0.0
-0.0
-0.0
-0.0470971609542
-0.0897326534898
0.0636722017791
0.00664697434379
0.0550803036221
-0.0277050196928
-0.0183682577924
0.0181984101823
-0.011130387372
0.00360024215374
-0.00467235591445
0.00352532891093
-0.0112895792928
0.023819691228
0.00253906583303
-0.00439464575042
-0.0238782873689
0.00271122060396
-0.00964199601176
0.0364255388749
0.0886397364346
0.0047995573629
3.7242097914e-07
-0.0
-0.0
-0.0
-0.0
-0.0
-0.0138487874858
-0.0706502274101
-0.0417895731303
0.0435844195859
-0.0441413443455
0.0272503227639
0.000754321208184
-0.00723719038471
0.00515168346092
0.00284883511654
0.0160442190569
-0.0159974135702
0.0122093834959
-0.0517103738738
0.0465108641509
0.0289120706503
0.0432689339947
0.00920445838586
0.0704103070672
-0.0713779282474
-0.0024735341074
0.0101735706711
-0.0
-0.0
-0.0
-0.0
-0.0
-0.0
0.0053171800413
0.0640330753921
-0.0470876430225
0.0332691202176
0.00361730041497
0.019135075629
0.0235790398419
0.0029508092326
0.000729332548943
0.0383025063196
-0.02952462982
0.0464105784914
0.00262520746914
0.0878903339737
-0.0502939104668
0.0599536010307
-0.0662658591554
0.0749846872464
-0.0528882871814
0.0346706538789
0.000595772145933
-0.0
-0.0
-0.0
-0.0
-0.0
-0.0
-0.0
-0.0
-0.0
-4.42479231721e-05
-0.000631005369584
-0.0218105599273
-0.012128333774
-0.0600118192493
-0.0985572479502
-0.032861799611
0.0504660272306
-0.136582612881
-0.0389692480292
0.0744264175861
-0.123601142057
-0.0172394202714
0.00617408498598
0.00451554081891
-4.86510588247e-06
-1.26333154767e-05
-1.10631251536e-05
-0.0
-0.0
-0.0
-0.0
-0.0
-22.8170158659
